fecha	cols	rows	boosting	objective	metric	first_metric_only	boost_from_average	feature_pre_filter	force_row_wise	verbosity	max_depth	min_gain_to_split	min_sum_hessian_in_leaf	lambda_l1	lambda_l2	max_bin	num_iterations	bagging_fraction	pos_bagging_fraction	neg_bagging_fraction	is_unbalance	scale_pos_weight	drop_rate	max_drop	skip_drop	extra_trees	data_sample_strategy	seed	learning_rate	feature_fraction	num_leaves	min_data_in_leaf	feature_fraction_bynode	max_depth	top_rate	other_rate	estimulos	ganancia	iteracion_bayesiana
20231126 184748	554	2215457	gbdt	binary	custom	TRUE	TRUE	FALSE	TRUE	-100	-1	0	0.001	0	0	31	76	1	1	1	FALSE	1	0.1	50	0.5	TRUE	goss	135977	0.109716210897896	0.265545026702312	587	12484	0.643408450216157	29	0.390197913868178	0.571647320750344	3288	331824319.84008	1
20231126 185701	554	2215457	gbdt	binary	custom	TRUE	TRUE	FALSE	TRUE	-100	-1	0	0.001	0	0	31	69	1	1	1	FALSE	1	0.1	50	0.5	TRUE	goss	135977	0.14012723218475	0.545754919680039	476	21356	0.782682803372954	24	0.222400061589724	0.288600623745879	3282	331848548.725637	2
20231126 192131	551	2215457	gbdt	binary	custom	TRUE	TRUE	FALSE	TRUE	-100	-1	0	0.001	0	0	31	610	1	1	1	FALSE	1	0.1	50	0.5	TRUE	goss	135977	0.109716210897896	0.265545026702312	587	12484	0.643408450216157	29	0.390197913868178	0.571647320750344	11348	155249897.051474	1
20231126 193517	551	2215457	gbdt	binary	custom	TRUE	TRUE	FALSE	TRUE	-100	-1	0	0.001	0	0	31	392	1	1	1	FALSE	1	0.1	50	0.5	TRUE	goss	135977	0.14012723218475	0.545754919680039	476	21356	0.782682803372954	24	0.222400061589724	0.288600623745879	11280	158381069.465267	2
20231126 195153	551	2215457	gbdt	binary	custom	TRUE	TRUE	FALSE	TRUE	-100	-1	0	0.001	0	0	31	774	1	1	1	FALSE	1	0.1	50	0.5	TRUE	goss	135977	0.105175588536658	0.735480249676621	558	27958	0.174854305981935	33	0.429075119529443	0.0622897977809771	11769	154571022.988506	3
20231126 201116	551	2215457	gbdt	binary	custom	TRUE	TRUE	FALSE	TRUE	-100	-1	0	0.001	0	0	31	809	1	1	1	FALSE	1	0.1	50	0.5	TRUE	goss	135977	0.0834496955637587	0.933594090067199	665	26491	0.371748498971865	16	0.365990952333959	0.601272173589678	12295	155104135.432284	4
20231126 202448	551	2215457	gbdt	binary	custom	TRUE	TRUE	FALSE	TRUE	-100	-1	0	0.001	0	0	31	336	1	1	1	FALSE	1	0.1	50	0.5	TRUE	goss	135977	0.130421361232293	0.49306090720107	493	38291	0.585231992337867	3	0.541348689701408	0.314402947820781	11400	156003238.38081	5
20231126 202717	551	2215457	gbdt	binary	custom	TRUE	TRUE	FALSE	TRUE	-100	-1	0	0.001	0	0	31	197	1	1	1	FALSE	1	0.1	50	0.5	TRUE	goss	135977	0.2796632586958	0.905368087851748	394	19836	0.904699504153468	22	0.0835533801146084	0.0172464426213992	13106	144768164.917541	6
20231126 203502	551	2215457	gbdt	binary	custom	TRUE	TRUE	FALSE	TRUE	-100	-1	0	0.001	0	0	31	73	1	1	1	FALSE	1	0.1	50	0.5	TRUE	goss	135977	0.0438883557583904	0.254275627002207	79	1676	0.661724432219271	9	0.52691919341305	0.119956374932372	14707	153543733.633183	7
20231126 204508	551	2215457	gbdt	binary	custom	TRUE	TRUE	FALSE	TRUE	-100	-1	0	0.001	0	0	31	705	1	1	1	FALSE	1	0.1	50	0.5	TRUE	goss	135977	0.0689755507765221	0.044324449350388	25	29769	0.402971288221088	46	0.0593695015413687	0.777547036399483	14359	142985410.794603	8
20231126 205230	551	2215457	gbdt	binary	custom	TRUE	TRUE	FALSE	TRUE	-100	-1	0	0.001	0	0	31	92	1	1	1	FALSE	1	0.1	50	0.5	TRUE	goss	135977	0.172782162386575	0.318061876107749	290	43714	0.526480993438672	49	0.694050046055054	0.188571542174031	12731	153901730.634683	9
20231126 210318	551	2215457	gbdt	binary	custom	TRUE	TRUE	FALSE	TRUE	-100	-1	0	0.001	0	0	31	86	1	1	1	FALSE	1	0.1	50	0.5	TRUE	goss	135977	0.245007508787967	0.580357992324934	307	5097	0.461756999662975	21	0.720510469276633	0.091068733127031	12089	152841627.686157	10
20231126 210858	551	2215457	gbdt	binary	custom	TRUE	TRUE	FALSE	TRUE	-100	-1	0	0.001	0	0	31	83	1	1	1	FALSE	1	0.1	50	0.5	TRUE	goss	135977	0.0565990422916366	0.516900578955756	772	13599	0.612682480222938	41	0.135882994094572	0.156373279372929	12569	153380638.18091	11
20231126 213230	551	2215457	gbdt	binary	custom	TRUE	TRUE	FALSE	TRUE	-100	-1	0	0.001	0	0	31	872	1	1	1	FALSE	1	0.1	50	0.5	TRUE	goss	135977	0.15634678490198	0.995867064489794	142	8302	0.0450198693625134	14	0.275716804295371	0.714283440065628	12570	147855077.461269	12
20231126 213734	551	2215457	gbdt	binary	custom	TRUE	TRUE	FALSE	TRUE	-100	-1	0	0.001	0	0	31	128	1	1	1	FALSE	1	0.1	50	0.5	TRUE	goss	135977	0.299883310380683	0.0770951306349889	839	22163	0.215563867837045	39	0.29155230523611	0.149898434756324	16553	136798705.147426	13
20231126 214749	551	2215457	gbdt	binary	custom	TRUE	TRUE	FALSE	TRUE	-100	-1	0	0.001	0	0	31	248	1	1	1	FALSE	1	0.1	50	0.5	TRUE	goss	135977	0.232722470146255	0.637624815307499	1020	1444	0.80151036222007	6	0.119559262282564	0.226566289442417	11756	134761453.273363	14
20231126 220036	551	2215457	gbdt	binary	custom	TRUE	TRUE	FALSE	TRUE	-100	-1	0	0.001	0	0	31	312	1	1	1	FALSE	1	0.1	50	0.5	TRUE	goss	135977	0.0257181826731539	0.615513090399982	947	43850	0.334959988698247	36	0.164945539116161	0.830457485069928	13792	154026194.902549	15
20231126 220615	551	2215457	gbdt	binary	custom	TRUE	TRUE	FALSE	TRUE	-100	-1	0	0.001	0	0	31	384	1	1	1	FALSE	1	0.1	50	0.5	TRUE	goss	135977	0.166373086580425	0.134564244413559	225	36399	0.727865315354866	12	0.0171028939585085	0.267715063593641	11661	149781315.842079	16
20231126 221252	551	2215457	gbdt	binary	custom	TRUE	TRUE	FALSE	TRUE	-100	-1	0	0.001	0	0	31	6	1	1	1	FALSE	1	0.1	50	0.5	TRUE	goss	135977	0.151188188168453	0.547852191857528	278	3204	0.936830070471187	11	0.264862025112961	0.140377436662675	14575	142373300.849575	17
20231126 222941	551	2215457	gbdt	binary	custom	TRUE	TRUE	FALSE	TRUE	-100	-1	0	0.001	0	0	31	619	1	1	1	FALSE	1	0.1	50	0.5	TRUE	goss	135977	0.0234135336743202	0.24932174101632	876	8950	0.0395982064786949	36	0.450506972076255	0.477096185553819	12168	146630976.511744	18
20231126 223649	551	2215457	gbdt	binary	custom	TRUE	TRUE	FALSE	TRUE	-100	-1	0	0.001	0	0	31	61	1	1	1	FALSE	1	0.1	50	0.5	TRUE	goss	135977	0.132255944377393	0.286034498267109	749	28478	0.555540146784188	29	0.173292717823642	0.784618128251168	12459	150399393.803098	19
20231126 224953	551	2215457	gbdt	binary	custom	TRUE	TRUE	FALSE	TRUE	-100	-1	0	0.001	0	0	31	376	1	1	1	FALSE	1	0.1	50	0.5	TRUE	goss	135977	0.0411444383003982	0.586860853908875	100	9972	0.66712963896498	3	0.337935483330511	0.114617676619673	11393	157994327.336332	20
20231126 225713	551	2215457	gbdt	binary	custom	TRUE	TRUE	FALSE	TRUE	-100	-1	0	0.001	0	0	31	71	1	1	1	FALSE	1	0.1	50	0.5	TRUE	goss	135977	0.0837290630664211	0.664026065802464	212	5761	0.79244962343204	20	0.0761373194982298	0.324238468369003	13806	157755281.35932	21
20231126 230446	551	2215457	gbdt	binary	custom	TRUE	TRUE	FALSE	TRUE	-100	-1	0	0.001	0	0	31	380	1	1	1	FALSE	1	0.1	50	0.5	TRUE	goss	135977	0.185692485204199	0.0602417102795152	455	36941	0.442765751288243	49	0.566780089051463	0.376011549727991	13589	144584286.356822	22
20231126 231211	551	2215457	gbdt	binary	custom	TRUE	TRUE	FALSE	TRUE	-100	-1	0	0.001	0	0	31	532	1	1	1	FALSE	1	0.1	50	0.5	TRUE	goss	135977	0.28857871570217	0.776573635603127	680	26244	0.325740107588645	7	0.22019044253102	0.0539907924685394	11091	151582250.374813	23
20231126 232107	551	2215457	gbdt	binary	custom	TRUE	TRUE	FALSE	TRUE	-100	-1	0	0.001	0	0	31	121	1	1	1	FALSE	1	0.1	50	0.5	TRUE	goss	135977	0.0979686352505814	0.490028097931936	444	49582	0.13640931628368	25	0.0308093739004107	0.665215842804173	12957	150451804.597701	24
20231126 232709	551	2215457	gbdt	binary	custom	TRUE	TRUE	FALSE	TRUE	-100	-1	0	0.001	0	0	31	24	1	1	1	FALSE	1	0.1	50	0.5	TRUE	goss	135977	0.214599426983623	0.942895028562634	761	36411	0.978557378811238	18	0.809575515129836	0.136012722272426	12087	152004713.143428	25
20231126 233427	551	2215457	gbdt	binary	custom	TRUE	TRUE	FALSE	TRUE	-100	-1	0	0.001	0	0	31	23	1	1	1	FALSE	1	0.1	50	0.5	TRUE	goss	135977	0.194726060851244	0.222213529768633	604	1746	0.148994285354565	27	0.0166586503037252	0.916583426762372	15119	134180733.133433	26
20231126 234007	551	2215457	gbdt	binary	custom	TRUE	TRUE	FALSE	TRUE	-100	-1	0	0.001	0	0	31	39	1	1	1	FALSE	1	0.1	50	0.5	TRUE	goss	135977	0.0894606170046609	0.44925830516062	355	18293	0.520099865901575	24	0.355116323888069	0.0345339794585016	11554	149472724.637681	27
20231126 234841	551	2215457	gbdt	binary	custom	TRUE	TRUE	FALSE	TRUE	-100	-1	0	0.001	0	0	31	401	1	1	1	FALSE	1	0.1	50	0.5	TRUE	goss	135977	0.0509489998221397	0.121913837148168	29	46656	0.716058041231299	38	0.171143885730999	0.292361718573375	11770	151413918.04098	28
20231126 235625	551	2215457	gbdt	binary	custom	TRUE	TRUE	FALSE	TRUE	-100	-1	0	0.001	0	0	31	120	1	1	1	FALSE	1	0.1	50	0.5	TRUE	goss	135977	0.0693206386035308	0.840109286435763	399	47069	0.506502519170172	17	0.548836356843822	0.403654559399001	14434	155410515.742129	29
20231127 000113	551	2215457	gbdt	binary	custom	TRUE	TRUE	FALSE	TRUE	-100	-1	0	0.001	0	0	31	39	1	1	1	FALSE	1	0.1	50	0.5	TRUE	goss	135977	0.161880676597357	0.543671833624831	532	31023	0.419933203671244	12	0.150301066110842	0.176786503638141	11989	144423226.886557	30
20231127 001018	551	2215457	gbdt	binary	custom	TRUE	TRUE	FALSE	TRUE	-100	-1	0	0.001	0	0	31	250	1	1	1	FALSE	1	0.1	50	0.5	TRUE	goss	135977	0.288998426841572	0.805068554112222	215	38314	0.974656211549882	2	0.575645576347597	0.38008004007861	12181	146964244.377811	31
20231127 002401	551	2215457	gbdt	binary	custom	TRUE	TRUE	FALSE	TRUE	-100	-1	0	0.001	0	0	31	393	1	1	1	FALSE	1	0.1	50	0.5	TRUE	goss	135977	0.108987006573007	0.451209376894403	804	33630	0.939162514070049	11	0.59113154024817	0.271374822594225	13485	155251936.531734	32
20231127 003118	551	2215457	gbdt	binary	custom	TRUE	TRUE	FALSE	TRUE	-100	-1	0	0.001	0	0	31	42	1	1	1	FALSE	1	0.1	50	0.5	TRUE	goss	135977	0.102407880299001	0.663696740687228	468	30154	0.745152121672028	30	0.56774652863052	0.422177721918466	12384	155061145.427286	33
20231127 004415	551	2215457	gbdt	binary	custom	TRUE	TRUE	FALSE	TRUE	-100	-1	0	0.001	0	0	31	323	1	1	1	FALSE	1	0.1	50	0.5	TRUE	goss	135977	0.0687665887680334	0.694090664421554	61	9782	0.933466235524029	12	0.169145038173578	0.293755915669588	12228	159937553.223388	34
20231127 005729	551	2215457	gbdt	binary	custom	TRUE	TRUE	FALSE	TRUE	-100	-1	0	0.001	0	0	31	705	1	1	1	FALSE	1	0.1	50	0.5	TRUE	goss	135977	0.0601221378699946	0.815245906890228	235	7699	0.952613971166785	4	0.121107176348775	0.213074033492108	11653	157813607.696152	35
20231127 010934	551	2215457	gbdt	binary	custom	TRUE	TRUE	FALSE	TRUE	-100	-1	0	0.001	0	0	31	385	1	1	1	FALSE	1	0.1	50	0.5	TRUE	goss	135977	0.0751626397664689	0.651137200242583	111	10978	0.780965778218606	2	0.249079918508222	0.214485967274351	11267	159502514.242879	36
20231127 011510	551	2215457	gbdt	binary	custom	TRUE	TRUE	FALSE	TRUE	-100	-1	0	0.001	0	0	31	197	1	1	1	FALSE	1	0.1	50	0.5	TRUE	goss	135977	0.0741112553130991	0.0804758579070196	332	10211	0.866345167736251	5	0.0769107007493988	0.271135188989843	12813	150339244.877561	37
20231127 012307	551	2215457	gbdt	binary	custom	TRUE	TRUE	FALSE	TRUE	-100	-1	0	0.001	0	0	31	349	1	1	1	FALSE	1	0.1	50	0.5	TRUE	goss	135977	0.0698959358228681	0.800963910829357	65	10311	0.656855442098289	20	0.320340534581988	0.250340179053071	13691	157127957.521239	38
20231127 013519	551	2215457	gbdt	binary	custom	TRUE	TRUE	FALSE	TRUE	-100	-1	0	0.001	0	0	31	588	1	1	1	FALSE	1	0.1	50	0.5	TRUE	goss	135977	0.0802559676445958	0.629199666337781	48	8925	0.844562221256246	2	0.23282553447067	0.156390644870338	10836	155512377.811094	39
20231127 014832	551	2215457	gbdt	binary	custom	TRUE	TRUE	FALSE	TRUE	-100	-1	0	0.001	0	0	31	568	1	1	1	FALSE	1	0.1	50	0.5	TRUE	goss	135977	0.0485389676071668	0.699112642486079	84	11000	0.92274979258749	5	0.161573939528224	0.554207997304765	12359	158186850.074963	40
20231127 015305	551	2215457	gbdt	binary	custom	TRUE	TRUE	FALSE	TRUE	-100	-1	0	0.001	0	0	31	485	1	1	1	FALSE	1	0.1	50	0.5	TRUE	goss	135977	0.0600344546208596	0.6789587524975	232	10261	0.600960331074214	10	0.122098487041695	0.000165431459130404	11424	154066242.878561	41
20231127 020057	551	2215457	gbdt	binary	custom	TRUE	TRUE	FALSE	TRUE	-100	-1	0	0.001	0	0	31	441	1	1	1	FALSE	1	0.1	50	0.5	TRUE	goss	135977	0.0644680048852695	0.740344677274996	355	25915	0.930140947104179	19	0.209995103338964	0.315593193244162	12950	159485012.493753	42
20231127 021134	551	2215457	gbdt	binary	custom	TRUE	TRUE	FALSE	TRUE	-100	-1	0	0.001	0	0	31	362	1	1	1	FALSE	1	0.1	50	0.5	TRUE	goss	135977	0.0643480186195386	0.627014693952863	213	17969	0.767406650058983	22	0.160417774255074	0.266093206898209	12272	158527744.127936	43
20231127 021532	551	2215457	gbdt	binary	custom	TRUE	TRUE	FALSE	TRUE	-100	-1	0	0.001	0	0	31	76	1	1	1	FALSE	1	0.1	50	0.5	TRUE	goss	135977	0.0694521095099653	0.706048780598715	9	17734	0.957797948661732	25	0.276217005405797	0.437146094065993	11609	149824456.271864	44
20231127 023002	551	2215457	gbdt	binary	custom	TRUE	TRUE	FALSE	TRUE	-100	-1	0	0.001	0	0	31	1069	1	1	1	FALSE	1	0.1	50	0.5	TRUE	goss	135977	0.0607143120910894	0.663419587609269	290	21020	0.644988492027411	5	0.274547265919556	0.298873820469021	11139	154641792.603698	45
20231127 024513	551	2215457	gbdt	binary	custom	TRUE	TRUE	FALSE	TRUE	-100	-1	0	0.001	0	0	31	808	1	1	1	FALSE	1	0.1	50	0.5	TRUE	goss	135977	0.0581737152814733	0.799195384887059	340	13890	0.79392702527599	13	0.217630988994392	0.165415311037649	12599	157903351.824088	46
20231127 025031	551	2215457	gbdt	binary	custom	TRUE	TRUE	FALSE	TRUE	-100	-1	0	0.001	0	0	31	90	1	1	1	FALSE	1	0.1	50	0.5	TRUE	goss	135977	0.0630947984878499	0.708797980184675	445	27738	0.928157825624137	13	0.12710882097027	0.177905421695424	12465	152353635.682159	47
20231127 025500	551	2215457	gbdt	binary	custom	TRUE	TRUE	FALSE	TRUE	-100	-1	0	0.001	0	0	31	25	1	1	1	FALSE	1	0.1	50	0.5	TRUE	goss	135977	0.110623153049956	0.717993034335789	383	29605	0.84455049376782	24	0.279908124560868	0.311225193368387	13270	148520094.952524	48
20231127 030003	551	2215457	gbdt	binary	custom	TRUE	TRUE	FALSE	TRUE	-100	-1	0	0.001	0	0	31	129	1	1	1	FALSE	1	0.1	50	0.5	TRUE	goss	135977	0.089858037253505	0.684100667021333	327	23490	0.816842663453017	20	0.187440746494471	0.0957043622488155	14805	156988608.195902	49
20231127 031037	551	2215457	gbdt	binary	custom	TRUE	TRUE	FALSE	TRUE	-100	-1	0	0.001	0	0	31	223	1	1	1	FALSE	1	0.1	50	0.5	TRUE	goss	135977	0.0496023782063944	0.953576603041106	189	10018	0.986853615843533	8	0.211365844841588	0.55959693168614	13902	158960302.848576	50
20231127 032325	551	2215457	gbdt	binary	custom	TRUE	TRUE	FALSE	TRUE	-100	-1	0	0.001	0	0	31	434	1	1	1	FALSE	1	0.1	50	0.5	TRUE	goss	135977	0.101442105652536	0.528114798003459	456	20246	0.785777368182877	18	0.151462997848148	0.322751553443219	12160	156692673.663168	51
20231127 033026	551	2215457	gbdt	binary	custom	TRUE	TRUE	FALSE	TRUE	-100	-1	0	0.001	0	0	31	201	1	1	1	FALSE	1	0.1	50	0.5	TRUE	goss	135977	0.0572372452129049	0.829020831676041	1001	25349	0.55255640871415	29	0.222600364890274	0.139207361162619	13071	156833614.692654	52
20231127 033852	551	2215457	gbdt	binary	custom	TRUE	TRUE	FALSE	TRUE	-100	-1	0	0.001	0	0	31	103	1	1	1	FALSE	1	0.1	50	0.5	TRUE	goss	135977	0.0496745285993338	0.321326990759146	57	11918	0.866966217426608	2	0.287340715330241	0.463905079516557	12424	156390620.689655	53
20231127 034524	551	2215457	gbdt	binary	custom	TRUE	TRUE	FALSE	TRUE	-100	-1	0	0.001	0	0	31	47	1	1	1	FALSE	1	0.1	50	0.5	TRUE	goss	135977	0.124364035105017	0.615461981991162	487	25409	0.920309086771891	10	0.225984389430815	0.244158320860181	14253	154141143.928036	54
20231127 040047	551	2215457	gbdt	binary	custom	TRUE	TRUE	FALSE	TRUE	-100	-1	0	0.001	0	0	31	1127	1	1	1	FALSE	1	0.1	50	0.5	TRUE	goss	135977	0.087829602743547	0.840485164129442	466	12003	0.82837595970678	18	0.20270551406184	0.10625928054396	10996	154702742.628686	55
20231127 042047	551	2215457	gbdt	binary	custom	TRUE	TRUE	FALSE	TRUE	-100	-1	0	0.001	0	0	31	560	1	1	1	FALSE	1	0.1	50	0.5	TRUE	goss	135977	0.044947563762817	0.588596535642232	281	24933	0.523669448376857	17	0.207005079251953	0.681441253275324	13453	157966271.364318	56
20231127 043845	551	2215457	gbdt	binary	custom	TRUE	TRUE	FALSE	TRUE	-100	-1	0	0.001	0	0	31	1242	1	1	1	FALSE	1	0.1	50	0.5	TRUE	goss	135977	0.0576412017849713	0.653813691261976	358	21486	0.674013983727562	43	0.165912954588055	0.196817420981922	11602	158759713.143428	57
20231127 045625	551	2215457	gbdt	binary	custom	TRUE	TRUE	FALSE	TRUE	-100	-1	0	0.001	0	0	31	657	1	1	1	FALSE	1	0.1	50	0.5	TRUE	goss	135977	0.0542130707604036	0.584013019036118	42	6623	0.900451114215239	34	0.142129595068959	0.417674675781138	11565	158900332.333833	58
20231127 050301	551	2215457	gbdt	binary	custom	TRUE	TRUE	FALSE	TRUE	-100	-1	0	0.001	0	0	31	51	1	1	1	FALSE	1	0.1	50	0.5	TRUE	goss	135977	0.0386881068197993	0.989998722352029	112	25704	0.881786977856534	33	0.214757329559696	0.206718687540258	14635	150593840.57971	59
20231127 051307	551	2215457	gbdt	binary	custom	TRUE	TRUE	FALSE	TRUE	-100	-1	0	0.001	0	0	31	79	1	1	1	FALSE	1	0.1	50	0.5	TRUE	goss	135977	0.0664096447184707	0.564460163763986	641	25397	0.714260787302972	8	0.209477276196772	0.588467565741005	10733	151862803.098451	60
20231127 052659	551	2215457	gbdt	binary	custom	TRUE	TRUE	FALSE	TRUE	-100	-1	0	0.001	0	0	31	874	1	1	1	FALSE	1	0.1	50	0.5	TRUE	goss	135977	0.0494231710484185	0.652855708195593	276	10798	0.449363707038976	12	0.220396291690402	0.3129223018602	12005	157822591.204398	61
20231127 055148	551	2215457	gbdt	binary	custom	TRUE	TRUE	FALSE	TRUE	-100	-1	0	0.001	0	0	31	1285	1	1	1	FALSE	1	0.1	50	0.5	TRUE	goss	135977	0.056022650424163	0.747716546472278	347	23466	0.811403985292609	24	0.183410366310544	0.311152421153774	12326	157225086.456772	62
20231127 055647	551	2215457	gbdt	binary	custom	TRUE	TRUE	FALSE	TRUE	-100	-1	0	0.001	0	0	31	24	1	1	1	FALSE	1	0.1	50	0.5	TRUE	goss	135977	0.0653287644892495	0.869643599798617	55	6408	0.853938142333842	22	0.14005962141611	0.480379457520991	12301	153882525.237381	63
20231127 061608	551	2215457	gbdt	binary	custom	TRUE	TRUE	FALSE	TRUE	-100	-1	0	0.001	0	0	31	1164	1	1	1	FALSE	1	0.1	50	0.5	TRUE	goss	135977	0.0841508770079555	0.72695769572207	783	37800	0.480133259972777	13	0.547081874701944	0.274128611979077	11963	158439969.515242	64
20231127 062854	551	2215457	gbdt	binary	custom	TRUE	TRUE	FALSE	TRUE	-100	-1	0	0.001	0	0	31	778	1	1	1	FALSE	1	0.1	50	0.5	TRUE	goss	135977	0.0498019935806305	0.667592251461715	223	10902	0.894289324714289	12	0.221356924940844	0.29590314933826	11340	157514692.653673	65
20231127 065225	551	2215457	gbdt	binary	custom	TRUE	TRUE	FALSE	TRUE	-100	-1	0	0.001	0	0	31	842	1	1	1	FALSE	1	0.1	50	0.5	TRUE	goss	135977	0.0707985017404012	0.685894534331468	140	12331	0.439812837520917	4	0.164803104015122	0.238592343384236	12621	155387052.973513	66
20231127 071150	551	2215457	gbdt	binary	custom	TRUE	TRUE	FALSE	TRUE	-100	-1	0	0.001	0	0	31	1143	1	1	1	FALSE	1	0.1	50	0.5	TRUE	goss	135977	0.0624765198901988	0.604540002447761	43	11914	0.688629481756968	9	0.238960178801124	0.431852427578309	11009	154460198.4008	67
20231127 072454	551	2215457	gbdt	binary	custom	TRUE	TRUE	FALSE	TRUE	-100	-1	0	0.001	0	0	31	792	1	1	1	FALSE	1	0.1	50	0.5	TRUE	goss	135977	0.0726147872824354	0.825160307767788	325	37722	0.902369522978418	44	0.200947164924935	0.194300126430443	13701	157533439.78011	68
20231127 074513	551	2215457	gbdt	binary	custom	TRUE	TRUE	FALSE	TRUE	-100	-1	0	0.001	0	0	31	818	1	1	1	FALSE	1	0.1	50	0.5	TRUE	goss	135977	0.0483848323640933	0.652260042057956	328	1890	0.502674615266237	42	0.115814856554974	0.540383235440185	13111	158773184.907546	69
20231127 075634	551	2215457	gbdt	binary	custom	TRUE	TRUE	FALSE	TRUE	-100	-1	0	0.001	0	0	31	177	1	1	1	FALSE	1	0.1	50	0.5	TRUE	goss	135977	0.0688623870522958	0.782970435181934	327	3473	0.997687513568415	20	0.17752810061038	0.308330739993611	12173	159384602.198901	70
20231127 080519	551	2215457	gbdt	binary	custom	TRUE	TRUE	FALSE	TRUE	-100	-1	0	0.001	0	0	31	31	1	1	1	FALSE	1	0.1	50	0.5	TRUE	goss	135977	0.0541553104977172	0.592239640199472	114	5258	0.703818450488422	47	0.451943926703204	0.178810997925448	14373	155418285.357321	71
20231127 081214	551	2215457	gbdt	binary	custom	TRUE	TRUE	FALSE	TRUE	-100	-1	0	0.001	0	0	31	263	1	1	1	FALSE	1	0.1	50	0.5	TRUE	goss	135977	0.0974436266781842	0.615807936977499	669	26224	0.719716691205437	18	0.264089432034295	0.3156414496134	11234	156109326.336832	72
20231127 082325	551	2215457	gbdt	binary	custom	TRUE	TRUE	FALSE	TRUE	-100	-1	0	0.001	0	0	31	380	1	1	1	FALSE	1	0.1	50	0.5	TRUE	goss	135977	0.0581497523260923	0.878904361832279	191	1871	0.801856362017904	48	0.104919982537934	0.225275954102162	11857	150075462.768616	73
20231127 083157	551	2215457	gbdt	binary	custom	TRUE	TRUE	FALSE	TRUE	-100	-1	0	0.001	0	0	31	424	1	1	1	FALSE	1	0.1	50	0.5	TRUE	goss	135977	0.0713073526763033	0.754438530732612	154	15776	0.981022646141673	12	0.273625373519745	0.286283250988661	10833	158127260.869565	74
20231127 084247	551	2215457	gbdt	binary	custom	TRUE	TRUE	FALSE	TRUE	-100	-1	0	0.001	0	0	31	344	1	1	1	FALSE	1	0.1	50	0.5	TRUE	goss	135977	0.0577809863295288	0.619857610540763	133	13675	0.588517391421942	39	0.226918767567282	0.204759583085718	11206	156672222.888556	75
20231127 085532	551	2215457	gbdt	binary	custom	TRUE	TRUE	FALSE	TRUE	-100	-1	0	0.001	0	0	31	810	1	1	1	FALSE	1	0.1	50	0.5	TRUE	goss	135977	0.0761694601532181	0.638653803415705	220	48636	0.773423353066642	39	0.128344224815211	0.262006243898016	11495	154795869.565217	76
20231127 090158	551	2215457	gbdt	binary	custom	TRUE	TRUE	FALSE	TRUE	-100	-1	0	0.001	0	0	31	157	1	1	1	FALSE	1	0.1	50	0.5	TRUE	goss	135977	0.0798602204951636	0.640071328690578	432	7546	0.821312111994966	21	0.209852879747428	0.301893936848786	12503	157240839.08046	77
20231127 091443	551	2215457	gbdt	binary	custom	TRUE	TRUE	FALSE	TRUE	-100	-1	0	0.001	0	0	31	59	1	1	1	FALSE	1	0.1	50	0.5	TRUE	goss	135977	0.0477028339039617	0.535287531906633	673	948	0.622125607200918	28	0.213909188205138	0.530438224730352	13346	160407025.487256	78
20231127 092809	551	2215457	gbdt	binary	custom	TRUE	TRUE	FALSE	TRUE	-100	-1	0	0.001	0	0	31	313	1	1	1	FALSE	1	0.1	50	0.5	TRUE	goss	135977	0.0484394398988805	0.753658058526812	581	517	0.460423913781511	41	0.166374557019024	0.542687253915773	10013	157345961.51924	79
20231127 094354	551	2215457	gbdt	binary	custom	TRUE	TRUE	FALSE	TRUE	-100	-1	0	0.001	0	0	31	327	1	1	1	FALSE	1	0.1	50	0.5	TRUE	goss	135977	0.0468814984573754	0.510697909628652	328	8708	0.71407257161004	20	0.214314999458743	0.530135945215576	10304	157834138.930535	80
20231127 100754	551	2215457	gbdt	binary	custom	TRUE	TRUE	FALSE	TRUE	-100	-1	0	0.001	0	0	31	758	1	1	1	FALSE	1	0.1	50	0.5	TRUE	goss	135977	0.0387887190687873	0.561539256925508	682	13505	0.508258273792115	14	0.216556284573984	0.501738460068975	11007	158329970.514743	81
20231127 103151	551	2215457	gbdt	binary	custom	TRUE	TRUE	FALSE	TRUE	-100	-1	0	0.001	0	0	31	682	1	1	1	FALSE	1	0.1	50	0.5	TRUE	goss	135977	0.0497680437401818	0.598129341546921	665	4117	0.961645536877392	24	0.337603263531859	0.464271835100596	13353	160325421.789105	82
20231127 104316	551	2215457	gbdt	binary	custom	TRUE	TRUE	FALSE	TRUE	-100	-1	0	0.001	0	0	31	135	1	1	1	FALSE	1	0.1	50	0.5	TRUE	goss	135977	0.0497085998085374	0.592325383279832	756	14072	0.522107691178915	11	0.270633693443127	0.535418563593324	14920	154739390.304848	83
20231127 111329	551	2215457	gbdt	binary	custom	TRUE	TRUE	FALSE	TRUE	-100	-1	0	0.001	0	0	31	863	1	1	1	FALSE	1	0.1	50	0.5	TRUE	goss	135977	0.0456217252600514	0.570967961141657	761	388	0.761569736838724	39	0.256974378632228	0.452201014134857	11648	151096003.998001	84
20231127 113357	551	2215457	gbdt	binary	custom	TRUE	TRUE	FALSE	TRUE	-100	-1	0	0.001	0	0	31	385	1	1	1	FALSE	1	0.1	50	0.5	TRUE	goss	135977	0.0495183927597792	0.565456589482492	690	1012	0.954127175746476	44	0.230850811827674	0.514590461629274	11652	157328053.973013	85
20231127 114442	551	2215457	gbdt	binary	custom	TRUE	TRUE	FALSE	TRUE	-100	-1	0	0.001	0	0	31	251	1	1	1	FALSE	1	0.1	50	0.5	TRUE	goss	135977	0.0664276167185861	0.532419282411489	885	11792	0.836225325289433	35	0.139012469360313	0.3212015975565	13006	158915721.13943	86
20231127 115613	551	2215457	gbdt	binary	custom	TRUE	TRUE	FALSE	TRUE	-100	-1	0	0.001	0	0	31	508	1	1	1	FALSE	1	0.1	50	0.5	TRUE	goss	135977	0.0465919820150802	0.86720497654628	145	10079	0.599694683382687	5	0.474236187496995	0.146678733630305	11495	157167543.728136	87
20231127 120705	551	2215457	gbdt	binary	custom	TRUE	TRUE	FALSE	TRUE	-100	-1	0	0.001	0	0	31	59	1	1	1	FALSE	1	0.1	50	0.5	TRUE	goss	135977	0.0654885316504868	0.522055355473766	393	4793	0.834879464429705	10	0.451701981641781	0.320826813480892	14112	156488823.588206	88
20231127 123319	551	2215457	gbdt	binary	custom	TRUE	TRUE	FALSE	TRUE	-100	-1	0	0.001	0	0	31	941	1	1	1	FALSE	1	0.1	50	0.5	TRUE	goss	135977	0.0525536356583236	0.617573244544266	690	4215	0.99934779786634	6	0.362366274400233	0.469463629717188	11496	156866270.864568	89
20231127 125344	551	2215457	gbdt	binary	custom	TRUE	TRUE	FALSE	TRUE	-100	-1	0	0.001	0	0	31	896	1	1	1	FALSE	1	0.1	50	0.5	TRUE	goss	135977	0.069180817399094	0.677434944741293	732	11482	0.81346055684368	7	0.170675240696517	0.317838917858461	11912	152688743.628186	90
20231127 130428	551	2215457	gbdt	binary	custom	TRUE	TRUE	FALSE	TRUE	-100	-1	0	0.001	0	0	31	499	1	1	1	FALSE	1	0.1	50	0.5	TRUE	goss	135977	0.0578315254930841	0.780455827311268	227	11048	0.779468619672153	2	0.324081935980241	0.254426962187146	11814	155399951.024488	91
20231127 131301	551	2215457	gbdt	binary	custom	TRUE	TRUE	FALSE	TRUE	-100	-1	0	0.001	0	0	31	40	1	1	1	FALSE	1	0.1	50	0.5	TRUE	goss	135977	0.0746073013259421	0.580288503995557	327	16012	0.799282263375996	40	0.172437259212194	0.401439118036696	11093	154831418.790605	92
20231127 132518	551	2215457	gbdt	binary	custom	TRUE	TRUE	FALSE	TRUE	-100	-1	0	0.001	0	0	31	113	1	1	1	FALSE	1	0.1	50	0.5	TRUE	goss	135977	0.0390107794650461	0.528578256548087	419	8048	0.543772892871354	27	0.178593361583849	0.574773006392976	14988	155844039.98001	93
20231127 133915	551	2215457	gbdt	binary	custom	TRUE	TRUE	FALSE	TRUE	-100	-1	0	0.001	0	0	31	143	1	1	1	FALSE	1	0.1	50	0.5	TRUE	goss	135977	0.0484434424426413	0.539266491840621	633	4691	0.359778525452232	25	0.31379321937983	0.494314030560526	13589	156724196.401799	94
20231127 135422	551	2215457	gbdt	binary	custom	TRUE	TRUE	FALSE	TRUE	-100	-1	0	0.001	0	0	31	460	1	1	1	FALSE	1	0.1	50	0.5	TRUE	goss	135977	0.0466538129940247	0.700517659917826	657	8277	0.874007591849613	22	0.159306458378637	0.664052016667097	14089	155735660.669665	95
20231127 140012	551	2215457	gbdt	binary	custom	TRUE	TRUE	FALSE	TRUE	-100	-1	0	0.001	0	0	31	72	1	1	1	FALSE	1	0.1	50	0.5	TRUE	goss	135977	0.078406851854971	0.631628237251366	902	31632	0.585931206591151	27	0.31324561938563	0.365087329731384	14954	152194363.818091	96
20231127 141125	551	2215457	gbdt	binary	custom	TRUE	TRUE	FALSE	TRUE	-100	-1	0	0.001	0	0	31	86	1	1	1	FALSE	1	0.1	50	0.5	TRUE	goss	135977	0.0452416635513753	0.5934642021308	168	9067	0.451619526287478	28	0.289862860378935	0.52171201047021	13339	155124971.014493	97
20231127 142036	551	2215457	gbdt	binary	custom	TRUE	TRUE	FALSE	TRUE	-100	-1	0	0.001	0	0	31	412	1	1	1	FALSE	1	0.1	50	0.5	TRUE	goss	135977	0.0652471895312928	0.63544554382422	98	5237	0.910796205714061	15	0.084879984276803	0.187167472419096	10754	156760140.929535	98
20231127 143304	551	2215457	gbdt	binary	custom	TRUE	TRUE	FALSE	TRUE	-100	-1	0	0.001	0	0	31	283	1	1	1	FALSE	1	0.1	50	0.5	TRUE	goss	135977	0.0467842453323381	0.827635933830587	339	3194	0.918012810235681	16	0.15100586869091	0.464330306594373	11402	157773906.046977	99
20231127 144816	551	2215457	gbdt	binary	custom	TRUE	TRUE	FALSE	TRUE	-100	-1	0	0.001	0	0	31	775	1	1	1	FALSE	1	0.1	50	0.5	TRUE	goss	135977	0.0899886118704819	0.669801428369386	574	34972	0.852539631889588	12	0.623672756458261	0.216370988048022	12723	155853222.888556	100
20231127 150332	551	2215457	gbdt	binary	custom	TRUE	TRUE	FALSE	TRUE	-100	-1	0	0.001	0	0	31	547	1	1	1	FALSE	1	0.1	50	0.5	TRUE	goss	135977	0.0613799079141974	0.491705611098779	185	9711	0.982385152963584	21	0.114024915778798	0.333735153310437	11488	156734064.967516	101
20231127 152550	551	2215457	gbdt	binary	custom	TRUE	TRUE	FALSE	TRUE	-100	-1	0	0.001	0	0	31	484	1	1	1	FALSE	1	0.1	50	0.5	TRUE	goss	135977	0.0528458427445266	0.557281236841764	913	1098	0.909282696531718	28	0.321810647881517	0.243793121578693	13124	154586292.853573	102
20231127 155817	551	2215457	gbdt	binary	custom	TRUE	TRUE	FALSE	TRUE	-100	-1	0	0.001	0	0	31	1117	1	1	1	FALSE	1	0.1	50	0.5	TRUE	goss	135977	0.0524038394600715	0.464521553700637	671	3526	0.978543107521606	29	0.343150532637349	0.487267855696492	10715	153443095.952024	103
20231127 160941	551	2215457	gbdt	binary	custom	TRUE	TRUE	FALSE	TRUE	-100	-1	0	0.001	0	0	31	296	1	1	1	FALSE	1	0.1	50	0.5	TRUE	goss	135977	0.0473821114522053	0.633903970396512	655	2825	0.88510228417597	21	0.264690440545124	0.332683445094837	11788	157538032.983508	104
20231127 162158	551	2215457	gbdt	binary	custom	TRUE	TRUE	FALSE	TRUE	-100	-1	0	0.001	0	0	31	178	1	1	1	FALSE	1	0.1	50	0.5	TRUE	goss	135977	0.0579297013568802	0.664034574580444	653	1823	0.814868940232701	20	0.404653668071576	0.322467417129334	11435	158084995.002499	105
20231127 164325	551	2215457	gbdt	binary	custom	TRUE	TRUE	FALSE	TRUE	-100	-1	0	0.001	0	0	31	658	1	1	1	FALSE	1	0.1	50	0.5	TRUE	goss	135977	0.0459971779500438	0.580739912768526	713	5006	0.54753825077732	26	0.20121652723371	0.342323530969339	11593	159265871.564218	106
20231127 164933	551	2215457	gbdt	binary	custom	TRUE	TRUE	FALSE	TRUE	-100	-1	0	0.001	0	0	31	109	1	1	1	FALSE	1	0.1	50	0.5	TRUE	goss	135977	0.0682699878570102	0.827144450561469	121	2897	0.989481016217813	3	0.208328074940897	0.367455883187942	12669	160961137.931034	107
20231127 165850	551	2215457	gbdt	binary	custom	TRUE	TRUE	FALSE	TRUE	-100	-1	0	0.001	0	0	31	122	1	1	1	FALSE	1	0.1	50	0.5	TRUE	goss	135977	0.0389623055047195	0.675830922146538	683	24751	0.991389555792801	20	0.351603095135781	0.491947582057265	14070	154191599.2004	108
20231127 170508	551	2215457	gbdt	binary	custom	TRUE	TRUE	FALSE	TRUE	-100	-1	0	0.001	0	0	31	51	1	1	1	FALSE	1	0.1	50	0.5	TRUE	goss	135977	0.0704551648739451	0.544836218047105	267	16259	0.615369782278524	19	0.180030552143838	0.181149167277469	11869	146356500.249875	109
20231127 171723	551	2215457	gbdt	binary	custom	TRUE	TRUE	FALSE	TRUE	-100	-1	0	0.001	0	0	31	288	1	1	1	FALSE	1	0.1	50	0.5	TRUE	goss	135977	0.0409155171369588	0.690881469357537	424	1878	0.627994954370399	28	0.214782099044824	0.394355035363171	11837	157492524.237881	110
20231127 172818	551	2215457	gbdt	binary	custom	TRUE	TRUE	FALSE	TRUE	-100	-1	0	0.001	0	0	31	410	1	1	1	FALSE	1	0.1	50	0.5	TRUE	goss	135977	0.0589486803023775	0.783224818607915	619	10380	0.990282565270851	9	0.215698584581991	0.440764810021738	10884	158177317.341329	111
20231127 173827	551	2215457	gbdt	binary	custom	TRUE	TRUE	FALSE	TRUE	-100	-1	0	0.001	0	0	31	1470	1	1	1	FALSE	1	0.1	50	0.5	TRUE	goss	135977	0.0631383341126736	0.80073796446095	13	3657	0.913952252626094	14	0.190426348729228	0.344208346141444	13404	157519226.386807	112
20231127 174913	551	2215457	gbdt	binary	custom	TRUE	TRUE	FALSE	TRUE	-100	-1	0	0.001	0	0	31	193	1	1	1	FALSE	1	0.1	50	0.5	TRUE	goss	135977	0.0899853602214598	0.667529776083566	350	6544	0.682106243221494	29	0.143061838738484	0.334850792242714	11264	162917937.031484	113
20231127 175845	551	2215457	gbdt	binary	custom	TRUE	TRUE	FALSE	TRUE	-100	-1	0	0.001	0	0	31	126	1	1	1	FALSE	1	0.1	50	0.5	TRUE	goss	135977	0.0777562026755592	0.690467888722263	202	3214	0.959163740349207	31	0.152828140258398	0.271537410628724	12445	159775454.772614	114
20231127 180646	551	2215457	gbdt	binary	custom	TRUE	TRUE	FALSE	TRUE	-100	-1	0	0.001	0	0	31	220	1	1	1	FALSE	1	0.1	50	0.5	TRUE	goss	135977	0.10057875873463	0.628671306659249	487	6309	0.764431540541122	26	0.136555338173126	0.401099713958341	12029	157471842.578711	115
20231127 181749	551	2215457	gbdt	binary	custom	TRUE	TRUE	FALSE	TRUE	-100	-1	0	0.001	0	0	31	252	1	1	1	FALSE	1	0.1	50	0.5	TRUE	goss	135977	0.082969742039763	0.676367236411941	472	6441	0.590127031809302	37	0.126762967642914	0.30878881926122	11400	159485817.091454	116
20231127 183348	551	2215457	gbdt	binary	custom	TRUE	TRUE	FALSE	TRUE	-100	-1	0	0.001	0	0	31	761	1	1	1	FALSE	1	0.1	50	0.5	TRUE	goss	135977	0.0729894758611663	0.667435075358009	443	6804	0.677102098304275	10	0.454084782028676	0.199550555788549	12229	154733271.864068	117
20231127 184047	551	2215457	gbdt	binary	custom	TRUE	TRUE	FALSE	TRUE	-100	-1	0	0.001	0	0	31	59	1	1	1	FALSE	1	0.1	50	0.5	TRUE	goss	135977	0.0912257868272412	0.68209249771016	822	18919	0.492244677076673	30	0.147352628429925	0.308205420474138	15818	152734269.865067	118
20231127 185233	551	2215457	gbdt	binary	custom	TRUE	TRUE	FALSE	TRUE	-100	-1	0	0.001	0	0	31	339	1	1	1	FALSE	1	0.1	50	0.5	TRUE	goss	135977	0.0808504418925777	0.65735072382443	160	2577	0.693025162773191	47	0.140226943582302	0.28078256233464	12626	158385036.481759	119
20231127 190349	551	2215457	gbdt	binary	custom	TRUE	TRUE	FALSE	TRUE	-100	-1	0	0.001	0	0	31	179	1	1	1	FALSE	1	0.1	50	0.5	TRUE	goss	135977	0.0560908056863226	0.637892035737564	833	2630	0.671605622672684	34	0.113946412253059	0.329059103688803	12050	156239545.227386	120
20231127 193057	551	2215457	gbdt	binary	custom	TRUE	TRUE	FALSE	TRUE	-100	-1	0	0.001	0	0	31	625	1	1	1	FALSE	1	0.1	50	0.5	TRUE	goss	135977	0.0437201809982638	0.584191298214816	689	2199	0.380789392295967	28	0.214118316605424	0.679606373413081	12302	157834565.717141	121
20231127 193645	551	2215457	gbdt	binary	custom	TRUE	TRUE	FALSE	TRUE	-100	-1	0	0.001	0	0	31	64	1	1	1	FALSE	1	0.1	50	0.5	TRUE	goss	135977	0.0895045345415388	0.658623519992432	107	2951	0.80844636980067	27	0.157960844903818	0.545250234029159	13147	150827131.934033	122
20231127 195718	551	2215457	gbdt	binary	custom	TRUE	TRUE	FALSE	TRUE	-100	-1	0	0.001	0	0	31	773	1	1	1	FALSE	1	0.1	50	0.5	TRUE	goss	135977	0.09257109178734	0.686813700619962	196	7311	0.667579171720574	34	0.506039984644861	0.334739386270874	11109	156167834.582709	123
20231127 200435	551	2215457	gbdt	binary	custom	TRUE	TRUE	FALSE	TRUE	-100	-1	0	0.001	0	0	31	157	1	1	1	FALSE	1	0.1	50	0.5	TRUE	goss	135977	0.0911270426763559	0.695571745080822	575	7194	0.67199119978747	34	0.0112471558562615	0.316126657769504	13172	154097769.115442	124
20231127 201735	551	2215457	gbdt	binary	custom	TRUE	TRUE	FALSE	TRUE	-100	-1	0	0.001	0	0	31	542	1	1	1	FALSE	1	0.1	50	0.5	TRUE	goss	135977	0.0973404883309297	0.68131579737683	189	10357	0.704357631548492	33	0.151739009103758	0.264697116339809	11022	153995305.347326	125
20231127 204758	551	2215457	gbdt	binary	custom	TRUE	TRUE	FALSE	TRUE	-100	-1	0	0.001	0	0	31	1351	1	1	1	FALSE	1	0.1	50	0.5	TRUE	goss	135977	0.0485874544083877	0.609349881413324	386	5489	0.283118074801248	33	0.141511956611645	0.328809760118559	10882	155471077.461269	126
20231127 205444	551	2215457	gbdt	binary	custom	TRUE	TRUE	FALSE	TRUE	-100	-1	0	0.001	0	0	31	54	1	1	1	FALSE	1	0.1	50	0.5	TRUE	goss	135977	0.0508525804682239	0.605910273544521	432	15459	0.983041013139224	24	0.0982818509431056	0.469480106987212	15370	148851379.310345	127
20231127 210321	551	2215457	gbdt	binary	custom	TRUE	TRUE	FALSE	TRUE	-100	-1	0	0.001	0	0	31	136	1	1	1	FALSE	1	0.1	50	0.5	TRUE	goss	135977	0.0901504368919992	0.615373599327951	48	8296	0.045514244548514	26	0.136413155529534	0.351498148681579	13446	150074801.5992	128
20231127 213159	551	2215457	gbdt	binary	custom	TRUE	TRUE	FALSE	TRUE	-100	-1	0	0.001	0	0	31	1175	1	1	1	FALSE	1	0.1	50	0.5	TRUE	goss	135977	0.0449562126667902	0.627348411524228	623	2438	0.623062260915244	15	0.340072841564212	0.374397970863561	10526	155530813.593203	129
20231127 214111	551	2215457	gbdt	binary	custom	TRUE	TRUE	FALSE	TRUE	-100	-1	0	0.001	0	0	31	341	1	1	1	FALSE	1	0.1	50	0.5	TRUE	goss	135977	0.0857303613734474	0.645464540159651	219	3091	0.662853286527233	31	0.150878845716214	0.355889743677086	11790	160250289.855072	130
20231127 215117	551	2215457	gbdt	binary	custom	TRUE	TRUE	FALSE	TRUE	-100	-1	0	0.001	0	0	31	239	1	1	1	FALSE	1	0.1	50	0.5	TRUE	goss	135977	0.069091924841053	0.828626294587867	162	9240	0.989482281280885	6	0.219328846649166	0.245300765633488	12762	159740762.618691	131
20231127 220844	551	2215457	gbdt	binary	custom	TRUE	TRUE	FALSE	TRUE	-100	-1	0	0.001	0	0	31	549	1	1	1	FALSE	1	0.1	50	0.5	TRUE	goss	135977	0.0475709474555431	0.718149205114377	535	957	0.970054558720339	8	0.220628266924626	0.530029940372949	12859	150909438.78061	132
