fecha	cols	rows	boosting	objective	metric	first_metric_only	boost_from_average	feature_pre_filter	force_row_wise	verbosity	max_depth	min_gain_to_split	min_sum_hessian_in_leaf	lambda_l1	lambda_l2	max_bin	num_iterations	bagging_fraction	pos_bagging_fraction	neg_bagging_fraction	is_unbalance	scale_pos_weight	drop_rate	max_drop	skip_drop	extra_trees	seed	learning_rate	feature_fraction	num_leaves	min_data_in_leaf	estimulos	ganancia	iteracion_bayesiana
20231127 204302	551	2951478	gbdt	binary	custom	TRUE	TRUE	FALSE	TRUE	-100	-1	0	0.001	0	0	31	125	1	1	1	FALSE	1	0.1	50	0.5	TRUE	2	0.169811487286535	0.397915886521137	634	24723	12248	147242750.624688	1
20231127 205043	551	2951478	gbdt	binary	custom	TRUE	TRUE	FALSE	TRUE	-100	-1	0	0.001	0	0	31	143	1	1	1	FALSE	1	0.1	50	0.5	TRUE	2	0.0948492188905686	0.640148611953258	659	43000	12355	154772991.004498	2
20231127 205746	551	2951478	gbdt	binary	custom	TRUE	TRUE	FALSE	TRUE	-100	-1	0	0.001	0	0	31	99	1	1	1	FALSE	1	0.1	50	0.5	TRUE	2	0.233881987904886	0.32836866774714	376	21460	14916	144060363.818091	3
20231127 210402	551	2951478	gbdt	binary	custom	TRUE	TRUE	FALSE	TRUE	-100	-1	0	0.001	0	0	31	26	1	1	1	FALSE	1	0.1	50	0.5	TRUE	2	0.290274980020406	0.829689002075538	746	26913	11668	147669467.266367	4
20231127 211155	551	2951478	gbdt	binary	custom	TRUE	TRUE	FALSE	TRUE	-100	-1	0	0.001	0	0	31	278	1	1	1	FALSE	1	0.1	50	0.5	TRUE	2	0.225431213676858	0.222720020637385	246	1070	14143	114486056.471764	5
20231127 212659	551	2951478	gbdt	binary	custom	TRUE	TRUE	FALSE	TRUE	-100	-1	0	0.001	0	0	31	492	1	1	1	FALSE	1	0.1	50	0.5	TRUE	2	0.0445050762033918	0.522881839870981	502	37029	11514	154768936.531734	6
20231127 213318	551	2951478	gbdt	binary	custom	TRUE	TRUE	FALSE	TRUE	-100	-1	0	0.001	0	0	31	57	1	1	1	FALSE	1	0.1	50	0.5	TRUE	2	0.207964302437397	0.706465282228113	965	39863	13316	151394656.671664	7
20231127 214530	551	2951478	gbdt	binary	custom	TRUE	TRUE	FALSE	TRUE	-100	-1	0	0.001	0	0	31	249	1	1	1	FALSE	1	0.1	50	0.5	TRUE	2	0.149725127212663	0.587839939158458	429	11057	15064	140031260.369815	8
20231127 215057	551	2951478	gbdt	binary	custom	TRUE	TRUE	FALSE	TRUE	-100	-1	0	0.001	0	0	31	81	1	1	1	FALSE	1	0.1	50	0.5	TRUE	2	0.129802947207706	0.160067345259509	89	16049	12970	149869930.034983	9
20231127 215659	551	2951478	gbdt	binary	custom	TRUE	TRUE	FALSE	TRUE	-100	-1	0	0.001	0	0	31	247	1	1	1	FALSE	1	0.1	50	0.5	TRUE	2	0.186785442512802	0.0786984457535207	298	46323	14323	141043027.986007	10
20231127 220405	551	2951478	gbdt	binary	custom	TRUE	TRUE	FALSE	TRUE	-100	-1	0	0.001	0	0	31	67	1	1	1	FALSE	1	0.1	50	0.5	TRUE	2	0.084918212794114	0.997539006410659	826	30944	13496	152999444.277861	11
20231127 221006	551	2951478	gbdt	binary	custom	TRUE	TRUE	FALSE	TRUE	-100	-1	0	0.001	0	0	31	8	1	1	1	FALSE	1	0.1	50	0.5	TRUE	2	0.259973983545692	0.92833053025743	165	5442	12353	141726061.469265	12
20231127 221629	551	2951478	gbdt	binary	custom	TRUE	TRUE	FALSE	TRUE	-100	-1	0	0.001	0	0	31	259	1	1	1	FALSE	1	0.1	50	0.5	TRUE	2	0.0590147755650276	0.0688303157008674	928	48575	13104	146696687.656172	13
20231127 222719	551	2951478	gbdt	binary	custom	TRUE	TRUE	FALSE	TRUE	-100	-1	0	0.001	0	0	31	203	1	1	1	FALSE	1	0.1	50	0.5	TRUE	2	0.0228695768617028	0.306479447277577	529	12622	11868	153356083.958021	14
20231127 223850	551	2951478	gbdt	binary	custom	TRUE	TRUE	FALSE	TRUE	-100	-1	0	0.001	0	0	31	230	1	1	1	FALSE	1	0.1	50	0.5	TRUE	2	0.274010141143601	0.484618183002885	893	8118	14803	135067175.912044	15
20231127 224503	551	2951478	gbdt	binary	custom	TRUE	TRUE	FALSE	TRUE	-100	-1	0	0.001	0	0	31	121	1	1	1	FALSE	1	0.1	50	0.5	TRUE	2	0.108259541472184	0.808530410302035	31	33860	14132	156576769.615192	16
20231127 225453	551	2951478	gbdt	binary	custom	TRUE	TRUE	FALSE	TRUE	-100	-1	0	0.001	0	0	31	202	1	1	1	FALSE	1	0.1	50	0.5	TRUE	2	0.0200356822436292	0.321590149496228	32	21167	11774	151062959.52024	17
20231127 230444	551	2951478	gbdt	binary	custom	TRUE	TRUE	FALSE	TRUE	-100	-1	0	0.001	0	0	31	275	1	1	1	FALSE	1	0.1	50	0.5	TRUE	2	0.0693010345923038	0.966338685292305	123	41448	14081	155158757.121439	18
20231127 231529	551	2951478	gbdt	binary	custom	TRUE	TRUE	FALSE	TRUE	-100	-1	0	0.001	0	0	31	1034	1	1	1	FALSE	1	0.1	50	0.5	TRUE	2	0.0641896803424807	0.0105438699083409	621	20148	15612	139042696.651674	19
20231127 233342	551	2951478	gbdt	binary	custom	TRUE	TRUE	FALSE	TRUE	-100	-1	0	0.001	0	0	31	732	1	1	1	FALSE	1	0.1	50	0.5	TRUE	2	0.0201156885326261	0.863924485243782	374	36398	12829	156919678.66067	20
20231127 234354	551	2951478	gbdt	binary	custom	TRUE	TRUE	FALSE	TRUE	-100	-1	0	0.001	0	0	31	681	1	1	1	FALSE	1	0.1	50	0.5	TRUE	2	0.0203946033635212	0.727198104247765	9	38906	12403	150991773.613193	21
20231128 000132	551	2951478	gbdt	binary	custom	TRUE	TRUE	FALSE	TRUE	-100	-1	0	0.001	0	0	31	687	1	1	1	FALSE	1	0.1	50	0.5	TRUE	2	0.0204813217046693	0.709915776840806	598	33772	13736	155300593.703148	22
20231128 000828	551	2951478	gbdt	binary	custom	TRUE	TRUE	FALSE	TRUE	-100	-1	0	0.001	0	0	31	80	1	1	1	FALSE	1	0.1	50	0.5	TRUE	2	0.125369076612954	0.999227546770196	378	35168	13720	152666186.906547	23
20231128 002118	551	2951478	gbdt	binary	custom	TRUE	TRUE	FALSE	TRUE	-100	-1	0	0.001	0	0	31	216	1	1	1	FALSE	1	0.1	50	0.5	TRUE	2	0.0200204197272755	0.905537061713665	353	15407	11916	153255866.066967	24
20231128 003104	551	2951478	gbdt	binary	custom	TRUE	TRUE	FALSE	TRUE	-100	-1	0	0.001	0	0	31	245	1	1	1	FALSE	1	0.1	50	0.5	TRUE	2	0.0552389313037916	0.860354672661133	455	35932	13144	157770470.764618	25
20231128 004328	551	2951478	gbdt	binary	custom	TRUE	TRUE	FALSE	TRUE	-100	-1	0	0.001	0	0	31	430	1	1	1	FALSE	1	0.1	50	0.5	TRUE	2	0.0329111687679916	0.898927303071585	1024	42310	12990	154913498.250875	26
20231128 005329	551	2951478	gbdt	binary	custom	TRUE	TRUE	FALSE	TRUE	-100	-1	0	0.001	0	0	31	457	1	1	1	FALSE	1	0.1	50	0.5	TRUE	2	0.113058950330062	0.423215197860235	8	31715	12788	148701871.064468	27
20231128 011508	551	2951478	gbdt	binary	custom	TRUE	TRUE	FALSE	TRUE	-100	-1	0	0.001	0	0	31	952	1	1	1	FALSE	1	0.1	50	0.5	TRUE	2	0.021011183639334	0.428444656930958	1024	41189	12537	155176332.333833	28
20231128 012428	551	2951478	gbdt	binary	custom	TRUE	TRUE	FALSE	TRUE	-100	-1	0	0.001	0	0	31	281	1	1	1	FALSE	1	0.1	50	0.5	TRUE	2	0.0748567537929268	0.851950613549868	528	49980	12556	157679894.052974	29
20231128 014159	551	2951478	gbdt	binary	custom	TRUE	TRUE	FALSE	TRUE	-100	-1	0	0.001	0	0	31	709	1	1	1	FALSE	1	0.1	50	0.5	TRUE	2	0.055870040671348	0.51614892065946	988	49996	12821	154398307.346327	30
20231128 014608	551	2951478	gbdt	binary	custom	TRUE	TRUE	FALSE	TRUE	-100	-1	0	0.001	0	0	31	145	1	1	1	FALSE	1	0.1	50	0.5	TRUE	2	0.234960720672706	0.868952348830688	8	49991	13409	148233871.564218	31
20231128 015404	551	2951478	gbdt	binary	custom	TRUE	TRUE	FALSE	TRUE	-100	-1	0	0.001	0	0	31	105	1	1	1	FALSE	1	0.1	50	0.5	TRUE	2	0.0658533407564711	0.880300622582178	131	29416	11972	158021267.366317	32
20231128 020939	551	2951478	gbdt	binary	custom	TRUE	TRUE	FALSE	TRUE	-100	-1	0	0.001	0	0	31	747	1	1	1	FALSE	1	0.1	50	0.5	TRUE	2	0.0565896665121719	0.832849005031131	661	46044	14937	150477481.75912	33
20231128 022206	551	2951478	gbdt	binary	custom	TRUE	TRUE	FALSE	TRUE	-100	-1	0	0.001	0	0	31	1139	1	1	1	FALSE	1	0.1	50	0.5	TRUE	2	0.0224456067957051	0.876658147360421	8	25132	13324	154486802.598701	34
20231128 023031	551	2951478	gbdt	binary	custom	TRUE	TRUE	FALSE	TRUE	-100	-1	0	0.001	0	0	31	675	1	1	1	FALSE	1	0.1	50	0.5	TRUE	2	0.0456688534146026	0.878346526825618	8	31986	12759	157836745.127436	35
20231128 024030	551	2951478	gbdt	binary	custom	TRUE	TRUE	FALSE	TRUE	-100	-1	0	0.001	0	0	31	358	1	1	1	FALSE	1	0.1	50	0.5	TRUE	2	0.0670884194944645	0.998892390308082	982	50000	13568	155626658.670665	36
20231128 030315	551	2951478	gbdt	binary	custom	TRUE	TRUE	FALSE	TRUE	-100	-1	0	0.001	0	0	31	1218	1	1	1	FALSE	1	0.1	50	0.5	TRUE	2	0.0201099403064654	0.402021106459924	37	15431	13847	153749080.95952	37
20231128 031306	551	2951478	gbdt	binary	custom	TRUE	TRUE	FALSE	TRUE	-100	-1	0	0.001	0	0	31	225	1	1	1	FALSE	1	0.1	50	0.5	TRUE	2	0.0480650736573688	0.828813853876469	204	30587	11845	153873065.967016	38
20231128 031920	551	2951478	gbdt	binary	custom	TRUE	TRUE	FALSE	TRUE	-100	-1	0	0.001	0	0	31	432	1	1	1	FALSE	1	0.1	50	0.5	TRUE	2	0.0825646363143635	0.997925547646014	8	28501	14250	153613478.26087	39
20231128 032712	551	2951478	gbdt	binary	custom	TRUE	TRUE	FALSE	TRUE	-100	-1	0	0.001	0	0	31	135	1	1	1	FALSE	1	0.1	50	0.5	TRUE	2	0.0876812530752054	0.888962506736611	350	35521	12775	155922306.346827	40
20231128 034129	551	2951478	gbdt	binary	custom	TRUE	TRUE	FALSE	TRUE	-100	-1	0	0.001	0	0	31	545	1	1	1	FALSE	1	0.1	50	0.5	TRUE	2	0.0340362436131584	0.862860765647512	1021	35977	13737	154144488.255872	41
20231128 035137	551	2951478	gbdt	binary	custom	TRUE	TRUE	FALSE	TRUE	-100	-1	0	0.001	0	0	31	264	1	1	1	FALSE	1	0.1	50	0.5	TRUE	2	0.0529303924523594	0.879969140849584	469	33702	11585	155027978.510745	42
20231128 040128	551	2951478	gbdt	binary	custom	TRUE	TRUE	FALSE	TRUE	-100	-1	0	0.001	0	0	31	274	1	1	1	FALSE	1	0.1	50	0.5	TRUE	2	0.0716111803484316	0.664592011249932	649	36115	13925	155529557.721139	43
20231128 041157	551	2951478	gbdt	binary	custom	TRUE	TRUE	FALSE	TRUE	-100	-1	0	0.001	0	0	31	295	1	1	1	FALSE	1	0.1	50	0.5	TRUE	2	0.0327748249114745	0.732687857188107	940	49999	12051	152326818.090955	44
20231128 041749	551	2951478	gbdt	binary	custom	TRUE	TRUE	FALSE	TRUE	-100	-1	0	0.001	0	0	31	289	1	1	1	FALSE	1	0.1	50	0.5	TRUE	2	0.0644266997949947	0.862457083530993	10	34996	13775	153570082.458771	45
20231128 042415	551	2951478	gbdt	binary	custom	TRUE	TRUE	FALSE	TRUE	-100	-1	0	0.001	0	0	31	76	1	1	1	FALSE	1	0.1	50	0.5	TRUE	2	0.045206234020693	0.850091632843988	68	9596	13616	155164581.709145	46
20231128 043517	551	2951478	gbdt	binary	custom	TRUE	TRUE	FALSE	TRUE	-100	-1	0	0.001	0	0	31	404	1	1	1	FALSE	1	0.1	50	0.5	TRUE	2	0.0637664305414774	0.792486600045079	417	49448	14500	155502638.68066	47
20231128 044303	551	2951478	gbdt	binary	custom	TRUE	TRUE	FALSE	TRUE	-100	-1	0	0.001	0	0	31	90	1	1	1	FALSE	1	0.1	50	0.5	TRUE	2	0.100424156667486	0.815059094006876	137	22719	12709	155947164.917541	48
20231128 045440	551	2951478	gbdt	binary	custom	TRUE	TRUE	FALSE	TRUE	-100	-1	0	0.001	0	0	31	236	1	1	1	FALSE	1	0.1	50	0.5	TRUE	2	0.0459406178655915	0.597435170856069	136	21895	14509	153693591.704148	49
20231128 050615	551	2951478	gbdt	binary	custom	TRUE	TRUE	FALSE	TRUE	-100	-1	0	0.001	0	0	31	428	1	1	1	FALSE	1	0.1	50	0.5	TRUE	2	0.0770692959922826	0.71891841023168	570	40652	12080	157938050.974513	50
20231128 051658	551	2951478	gbdt	binary	custom	TRUE	TRUE	FALSE	TRUE	-100	-1	0	0.001	0	0	31	697	1	1	1	FALSE	1	0.1	50	0.5	TRUE	2	0.0441914350645552	0.965909802817114	28	15961	13176	153345351.324338	51
20231128 053458	551	2951478	gbdt	binary	custom	TRUE	TRUE	FALSE	TRUE	-100	-1	0	0.001	0	0	31	766	1	1	1	FALSE	1	0.1	50	0.5	TRUE	2	0.0210850684264282	0.753794672008462	443	39346	12306	157486125.937031	52
20231128 054722	551	2951478	gbdt	binary	custom	TRUE	TRUE	FALSE	TRUE	-100	-1	0	0.001	0	0	31	495	1	1	1	FALSE	1	0.1	50	0.5	TRUE	2	0.0807761254953649	0.864219199737751	569	39720	12874	153874083.958021	53
20231128 055814	551	2951478	gbdt	binary	custom	TRUE	TRUE	FALSE	TRUE	-100	-1	0	0.001	0	0	31	399	1	1	1	FALSE	1	0.1	50	0.5	TRUE	2	0.0732480181918451	0.685663845873693	537	49385	13153	152336536.231884	54
20231128 061815	551	2951478	gbdt	binary	custom	TRUE	TRUE	FALSE	TRUE	-100	-1	0	0.001	0	0	31	929	1	1	1	FALSE	1	0.1	50	0.5	TRUE	2	0.0203094796174468	0.737298949234419	446	41507	13099	153808509.245377	55
20231128 063116	551	2951478	gbdt	binary	custom	TRUE	TRUE	FALSE	TRUE	-100	-1	0	0.001	0	0	31	560	1	1	1	FALSE	1	0.1	50	0.5	TRUE	2	0.0570461250730716	0.994258098449813	332	50000	11272	157782616.691654	56
20231128 064051	551	2951478	gbdt	binary	custom	TRUE	TRUE	FALSE	TRUE	-100	-1	0	0.001	0	0	31	230	1	1	1	FALSE	1	0.1	50	0.5	TRUE	2	0.0474689749233858	0.623746747736684	848	40222	12522	155794875.562219	57
20231128 064506	551	2951478	gbdt	binary	custom	TRUE	TRUE	FALSE	TRUE	-100	-1	0	0.001	0	0	31	165	1	1	1	FALSE	1	0.1	50	0.5	TRUE	2	0.152428465673418	0.874558277362679	8	31952	12993	154156326.336832	58
20231128 070522	551	2951478	gbdt	binary	custom	TRUE	TRUE	FALSE	TRUE	-100	-1	0	0.001	0	0	31	715	1	1	1	FALSE	1	0.1	50	0.5	TRUE	2	0.0414925979789013	0.755359416511912	498	37244	14603	155832653.173413	59
20231128 071614	551	2951478	gbdt	binary	custom	TRUE	TRUE	FALSE	TRUE	-100	-1	0	0.001	0	0	31	285	1	1	1	FALSE	1	0.1	50	0.5	TRUE	2	0.109215686410335	0.498994154865973	424	40615	15959	139604281.35932	60
20231128 072252	551	2951478	gbdt	binary	custom	TRUE	TRUE	FALSE	TRUE	-100	-1	0	0.001	0	0	31	48	1	1	1	FALSE	1	0.1	50	0.5	TRUE	2	0.0765075207090599	0.732124013341717	960	42160	10260	148306456.771614	61
20231128 074216	551	2951478	gbdt	binary	custom	TRUE	TRUE	FALSE	TRUE	-100	-1	0	0.001	0	0	31	965	1	1	1	FALSE	1	0.1	50	0.5	TRUE	2	0.0232246497754694	0.919367620561183	478	49906	13308	156877843.078461	62
20231128 080243	551	2951478	gbdt	binary	custom	TRUE	TRUE	FALSE	TRUE	-100	-1	0	0.001	0	0	31	971	1	1	1	FALSE	1	0.1	50	0.5	TRUE	2	0.0201465402529651	0.999626344011576	646	42610	13017	157127236.881559	63
20231128 081913	551	2951478	gbdt	binary	custom	TRUE	TRUE	FALSE	TRUE	-100	-1	0	0.001	0	0	31	745	1	1	1	FALSE	1	0.1	50	0.5	TRUE	2	0.0510339898269185	0.692284637612405	569	39710	13811	150726018.490755	64
20231128 083023	551	2951478	gbdt	binary	custom	TRUE	TRUE	FALSE	TRUE	-100	-1	0	0.001	0	0	31	475	1	1	1	FALSE	1	0.1	50	0.5	TRUE	2	0.0515191903308811	0.892872268691726	30	49691	12112	156475950.024988	65
20231128 084215	551	2951478	gbdt	binary	custom	TRUE	TRUE	FALSE	TRUE	-100	-1	0	0.001	0	0	31	402	1	1	1	FALSE	1	0.1	50	0.5	TRUE	2	0.0442895688483931	0.852188919873865	390	38979	11534	155668056.971514	66
20231128 085046	551	2951478	gbdt	binary	custom	TRUE	TRUE	FALSE	TRUE	-100	-1	0	0.001	0	0	31	154	1	1	1	FALSE	1	0.1	50	0.5	TRUE	2	0.0895083966842938	0.753929756464213	418	31260	12474	158152584.707646	67
20231128 090452	551	2951478	gbdt	binary	custom	TRUE	TRUE	FALSE	TRUE	-100	-1	0	0.001	0	0	31	318	1	1	1	FALSE	1	0.1	50	0.5	TRUE	2	0.0200260154352307	0.767054565727752	578	19753	14130	152853938.030985	68
20231128 091420	551	2951478	gbdt	binary	custom	TRUE	TRUE	FALSE	TRUE	-100	-1	0	0.001	0	0	31	234	1	1	1	FALSE	1	0.1	50	0.5	TRUE	2	0.10425084249576	0.718336820912584	421	34081	13507	154738036.481759	69
20231128 092323	551	2951478	gbdt	binary	custom	TRUE	TRUE	FALSE	TRUE	-100	-1	0	0.001	0	0	31	243	1	1	1	FALSE	1	0.1	50	0.5	TRUE	2	0.0795117381199773	0.759599368596635	263	43144	11717	157024598.2009	70
20231128 092956	551	2951478	gbdt	binary	custom	TRUE	TRUE	FALSE	TRUE	-100	-1	0	0.001	0	0	31	75	1	1	1	FALSE	1	0.1	50	0.5	TRUE	2	0.114403452764056	0.845409105557772	355	49980	11712	152412101.949025	71
20231128 094805	551	2951478	gbdt	binary	custom	TRUE	TRUE	FALSE	TRUE	-100	-1	0	0.001	0	0	31	832	1	1	1	FALSE	1	0.1	50	0.5	TRUE	2	0.0229402307333484	0.960443971214646	911	49975	13876	157438514.742629	72
20231128 100334	551	2951478	gbdt	binary	custom	TRUE	TRUE	FALSE	TRUE	-100	-1	0	0.001	0	0	31	381	1	1	1	FALSE	1	0.1	50	0.5	TRUE	2	0.0254040658255918	0.567990011359503	771	34602	11698	153488492.753623	73
20231128 101136	551	2951478	gbdt	binary	custom	TRUE	TRUE	FALSE	TRUE	-100	-1	0	0.001	0	0	31	84	1	1	1	FALSE	1	0.1	50	0.5	TRUE	2	0.0503521021388872	0.903033988064962	117	27536	12708	153480061.969015	74
20231128 102954	551	2951478	gbdt	binary	custom	TRUE	TRUE	FALSE	TRUE	-100	-1	0	0.001	0	0	31	872	1	1	1	FALSE	1	0.1	50	0.5	TRUE	2	0.0228300182531686	0.979182718476024	563	49888	12077	156786997.001499	75
20231128 104451	551	2951478	gbdt	binary	custom	TRUE	TRUE	FALSE	TRUE	-100	-1	0	0.001	0	0	31	625	1	1	1	FALSE	1	0.1	50	0.5	TRUE	2	0.0323338429988695	0.717548419370645	657	49931	13817	156444518.24088	76
20231128 110615	551	2951478	gbdt	binary	custom	TRUE	TRUE	FALSE	TRUE	-100	-1	0	0.001	0	0	31	1078	1	1	1	FALSE	1	0.1	50	0.5	TRUE	2	0.0214202331672594	0.933374656631834	909	49958	13068	156647798.10095	77
20231128 111138	551	2951478	gbdt	binary	custom	TRUE	TRUE	FALSE	TRUE	-100	-1	0	0.001	0	0	31	29	1	1	1	FALSE	1	0.1	50	0.5	TRUE	2	0.080521602593302	0.791054927304096	47	16117	13788	147535414.292854	78
20231128 111914	551	2951478	gbdt	binary	custom	TRUE	TRUE	FALSE	TRUE	-100	-1	0	0.001	0	0	31	137	1	1	1	FALSE	1	0.1	50	0.5	TRUE	2	0.0682234870524197	0.869946595120005	324	49736	14120	154054152.923538	79
20231128 112943	551	2951478	gbdt	binary	custom	TRUE	TRUE	FALSE	TRUE	-100	-1	0	0.001	0	0	31	264	1	1	1	FALSE	1	0.1	50	0.5	TRUE	2	0.065849383981876	0.987325332775633	451	23859	13413	154718355.322339	80
20231128 114300	551	2951478	gbdt	binary	custom	TRUE	TRUE	FALSE	TRUE	-100	-1	0	0.001	0	0	31	375	1	1	1	FALSE	1	0.1	50	0.5	TRUE	2	0.0222526774218098	0.856007818604371	399	34409	12383	151544567.216392	81
20231128 115252	551	2951478	gbdt	binary	custom	TRUE	TRUE	FALSE	TRUE	-100	-1	0	0.001	0	0	31	308	1	1	1	FALSE	1	0.1	50	0.5	TRUE	2	0.0945308120320025	0.761339828581529	369	40375	12336	156698634.682659	82
20231128 120630	551	2951478	gbdt	binary	custom	TRUE	TRUE	FALSE	TRUE	-100	-1	0	0.001	0	0	31	394	1	1	1	FALSE	1	0.1	50	0.5	TRUE	2	0.0200460021437632	0.907676710645923	669	39163	11256	154243702.148926	83
20231128 121425	551	2951478	gbdt	binary	custom	TRUE	TRUE	FALSE	TRUE	-100	-1	0	0.001	0	0	31	121	1	1	1	FALSE	1	0.1	50	0.5	TRUE	2	0.0895835256280129	0.876690432827054	75	31423	11881	158259606.696652	84
20231128 122232	551	2951478	gbdt	binary	custom	TRUE	TRUE	FALSE	TRUE	-100	-1	0	0.001	0	0	31	170	1	1	1	FALSE	1	0.1	50	0.5	TRUE	2	0.0606194649580123	0.958157357388902	74	49987	12610	155193568.215892	85
20231128 123735	551	2951478	gbdt	binary	custom	TRUE	TRUE	FALSE	TRUE	-100	-1	0	0.001	0	0	31	555	1	1	1	FALSE	1	0.1	50	0.5	TRUE	2	0.0208682075908006	0.844110990758244	550	49979	11742	154973276.361819	86
20231128 124914	551	2951478	gbdt	binary	custom	TRUE	TRUE	FALSE	TRUE	-100	-1	0	0.001	0	0	31	412	1	1	1	FALSE	1	0.1	50	0.5	TRUE	2	0.0474795867649443	0.958596698628564	511	49993	13202	155031277.361319	87
20231128 125723	551	2951478	gbdt	binary	custom	TRUE	TRUE	FALSE	TRUE	-100	-1	0	0.001	0	0	31	132	1	1	1	FALSE	1	0.1	50	0.5	TRUE	2	0.0741869020665843	0.746112928369763	457	36308	13951	153922650.174913	88
20231128 130451	551	2951478	gbdt	binary	custom	TRUE	TRUE	FALSE	TRUE	-100	-1	0	0.001	0	0	31	96	1	1	1	FALSE	1	0.1	50	0.5	TRUE	2	0.0990769289657862	0.847943777221712	254	30543	11682	155175125.437281	89
20231128 131359	551	2951478	gbdt	binary	custom	TRUE	TRUE	FALSE	TRUE	-100	-1	0	0.001	0	0	31	247	1	1	1	FALSE	1	0.1	50	0.5	TRUE	2	0.0835805573457464	0.975535237858347	343	42316	11598	156581156.421789	90
20231128 132218	551	2951478	gbdt	binary	custom	TRUE	TRUE	FALSE	TRUE	-100	-1	0	0.001	0	0	31	205	1	1	1	FALSE	1	0.1	50	0.5	TRUE	2	0.0780386278509852	0.856011417120852	1017	49995	13218	156610891.554223	91
20231128 133618	551	2951478	gbdt	binary	custom	TRUE	TRUE	FALSE	TRUE	-100	-1	0	0.001	0	0	31	548	1	1	1	FALSE	1	0.1	50	0.5	TRUE	2	0.0284034278523281	0.999867626425813	104	47231	12794	157170275.862069	92
20231128 134544	551	2951478	gbdt	binary	custom	TRUE	TRUE	FALSE	TRUE	-100	-1	0	0.001	0	0	31	225	1	1	1	FALSE	1	0.1	50	0.5	TRUE	2	0.0642920329030276	0.809108307801538	507	37066	12070	156689490.254873	93
20231128 135412	551	2951478	gbdt	binary	custom	TRUE	TRUE	FALSE	TRUE	-100	-1	0	0.001	0	0	31	154	1	1	1	FALSE	1	0.1	50	0.5	TRUE	2	0.10386537975053	0.783350569482715	142	31830	12615	150743635.682159	94
20231128 140220	551	2951478	gbdt	binary	custom	TRUE	TRUE	FALSE	TRUE	-100	-1	0	0.001	0	0	31	134	1	1	1	FALSE	1	0.1	50	0.5	TRUE	2	0.0668728568252168	0.88559148747827	65	30882	12554	156470765.617191	95
20231128 141121	551	2951478	gbdt	binary	custom	TRUE	TRUE	FALSE	TRUE	-100	-1	0	0.001	0	0	31	180	1	1	1	FALSE	1	0.1	50	0.5	TRUE	2	0.0918306862397497	0.866149500622832	383	29188	13164	153730760.61969	96
20231128 142121	551	2951478	gbdt	binary	custom	TRUE	TRUE	FALSE	TRUE	-100	-1	0	0.001	0	0	31	329	1	1	1	FALSE	1	0.1	50	0.5	TRUE	2	0.079146358435664	0.998698915715929	457	49977	12661	158577597.701149	97
20231128 143830	551	2951478	gbdt	binary	custom	TRUE	TRUE	FALSE	TRUE	-100	-1	0	0.001	0	0	31	842	1	1	1	FALSE	1	0.1	50	0.5	TRUE	2	0.0269736268041135	0.999839647485214	358	49926	13189	156272782.108946	98
20231128 145157	551	2951478	gbdt	binary	custom	TRUE	TRUE	FALSE	TRUE	-100	-1	0	0.001	0	0	31	372	1	1	1	FALSE	1	0.1	50	0.5	TRUE	2	0.0201330587957227	0.966313852712148	456	37805	11976	155212437.781109	99
20231128 145946	551	2951478	gbdt	binary	custom	TRUE	TRUE	FALSE	TRUE	-100	-1	0	0.001	0	0	31	141	1	1	1	FALSE	1	0.1	50	0.5	TRUE	2	0.0887232986718504	0.836740218970512	272	40233	11798	157408702.648676	100
20231128 151520	551	2951478	gbdt	binary	custom	TRUE	TRUE	FALSE	TRUE	-100	-1	0	0.001	0	0	31	718	1	1	1	FALSE	1	0.1	50	0.5	TRUE	2	0.0483750843977266	0.998588293240227	212	46994	13070	155338745.627186	101
20231128 152409	551	2951478	gbdt	binary	custom	TRUE	TRUE	FALSE	TRUE	-100	-1	0	0.001	0	0	31	166	1	1	1	FALSE	1	0.1	50	0.5	TRUE	2	0.0894861908756569	0.720323333641527	546	31343	13042	157966869.565217	102
20231128 154143	551	2951478	gbdt	binary	custom	TRUE	TRUE	FALSE	TRUE	-100	-1	0	0.001	0	0	31	713	1	1	1	FALSE	1	0.1	50	0.5	TRUE	2	0.0200210227592637	0.723973516155526	343	38144	13073	155146191.404298	103
20231128 155133	551	2951478	gbdt	binary	custom	TRUE	TRUE	FALSE	TRUE	-100	-1	0	0.001	0	0	31	256	1	1	1	FALSE	1	0.1	50	0.5	TRUE	2	0.0794501824908163	0.963970169815798	171	29847	12224	156627382.308846	104
20231128 160816	551	2951478	gbdt	binary	custom	TRUE	TRUE	FALSE	TRUE	-100	-1	0	0.001	0	0	31	714	1	1	1	FALSE	1	0.1	50	0.5	TRUE	2	0.022339245385658	0.999692255698257	710	49909	12682	157327249.375312	105
20231128 161641	551	2951478	gbdt	binary	custom	TRUE	TRUE	FALSE	TRUE	-100	-1	0	0.001	0	0	31	190	1	1	1	FALSE	1	0.1	50	0.5	TRUE	2	0.092073971574367	0.96118530418286	531	49993	12409	157141117.941029	106
20231128 162623	551	2951478	gbdt	binary	custom	TRUE	TRUE	FALSE	TRUE	-100	-1	0	0.001	0	0	31	239	1	1	1	FALSE	1	0.1	50	0.5	TRUE	2	0.0651304752105205	0.632432104196363	513	30900	12950	156716636.681659	107
20231128 163648	551	2951478	gbdt	binary	custom	TRUE	TRUE	FALSE	TRUE	-100	-1	0	0.001	0	0	31	209	1	1	1	FALSE	1	0.1	50	0.5	TRUE	2	0.0244597994163273	0.830488227597705	707	45776	13904	151988421.789105	108
20231128 164532	551	2951478	gbdt	binary	custom	TRUE	TRUE	FALSE	TRUE	-100	-1	0	0.001	0	0	31	164	1	1	1	FALSE	1	0.1	50	0.5	TRUE	2	0.0984990222513619	0.777807449952545	485	31326	12714	157444538.730635	109
20231128 170324	551	2951478	gbdt	binary	custom	TRUE	TRUE	FALSE	TRUE	-100	-1	0	0.001	0	0	31	738	1	1	1	FALSE	1	0.1	50	0.5	TRUE	2	0.0200645300164858	0.999673912168168	853	41853	13205	157500892.053973	110
20231128 171227	551	2951478	gbdt	binary	custom	TRUE	TRUE	FALSE	TRUE	-100	-1	0	0.001	0	0	31	244	1	1	1	FALSE	1	0.1	50	0.5	TRUE	2	0.0842510256329162	0.780114001724349	532	42669	11659	154011547.726137	111
20231128 172143	551	2951478	gbdt	binary	custom	TRUE	TRUE	FALSE	TRUE	-100	-1	0	0.001	0	0	31	220	1	1	1	FALSE	1	0.1	50	0.5	TRUE	2	0.0781737735560943	0.709077902414841	635	41005	12639	159731397.801099	112
20231128 172945	551	2951478	gbdt	binary	custom	TRUE	TRUE	FALSE	TRUE	-100	-1	0	0.001	0	0	31	152	1	1	1	FALSE	1	0.1	50	0.5	TRUE	2	0.0772474292356304	0.689010445702689	714	40821	12796	155451368.315842	113
20231128 173518	551	2951478	gbdt	binary	custom	TRUE	TRUE	FALSE	TRUE	-100	-1	0	0.001	0	0	31	331	1	1	1	FALSE	1	0.1	50	0.5	TRUE	2	0.0958848792372312	0.954907622083301	8	33906	12552	156669473.263368	114
20231128 174815	551	2951478	gbdt	binary	custom	TRUE	TRUE	FALSE	TRUE	-100	-1	0	0.001	0	0	31	734	1	1	1	FALSE	1	0.1	50	0.5	TRUE	2	0.0454027163944629	0.996565418581049	24	45669	12882	156693086.456772	115
20231128 175753	551	2951478	gbdt	binary	custom	TRUE	TRUE	FALSE	TRUE	-100	-1	0	0.001	0	0	31	197	1	1	1	FALSE	1	0.1	50	0.5	TRUE	2	0.0740159206490227	0.842762349913114	234	23783	11868	153995844.077961	116
