fecha	cols	rows	boosting	objective	metric	first_metric_only	boost_from_average	feature_pre_filter	force_row_wise	verbosity	max_depth	min_gain_to_split	min_sum_hessian_in_leaf	lambda_l1	lambda_l2	max_bin	num_iterations	bagging_fraction	pos_bagging_fraction	neg_bagging_fraction	is_unbalance	scale_pos_weight	drop_rate	max_drop	skip_drop	extra_trees	seed	learning_rate	feature_fraction	num_leaves	min_data_in_leaf	estimulos	ganancia	iteracion_bayesiana
20231127 172813	551	2951478	gbdt	binary	custom	TRUE	TRUE	FALSE	TRUE	-100	-1	0	0.001	0	0	31	153	1	1	1	FALSE	1	0.1	50	0.5	TRUE	2	0.0885101727151778	0.297409047270048	617	23962	13492	154028643.678161	1
20231127 174200	551	2951478	gbdt	binary	custom	TRUE	TRUE	FALSE	TRUE	-100	-1	0	0.001	0	0	31	389	1	1	1	FALSE	1	0.1	50	0.5	TRUE	2	0.0933363504387671	0.488722075060359	360	18408	10865	155271176.911544	2
20231127 175041	551	2951478	gbdt	binary	custom	TRUE	TRUE	FALSE	TRUE	-100	-1	0	0.001	0	0	31	331	1	1	1	FALSE	1	0.1	50	0.5	TRUE	2	0.217326173746842	0.253432601209643	508	48763	12670	152108320.83958	3
20231127 175811	551	2951478	gbdt	binary	custom	TRUE	TRUE	FALSE	TRUE	-100	-1	0	0.001	0	0	31	18	1	1	1	FALSE	1	0.1	50	0.5	TRUE	2	0.132904717026395	0.599434182006662	198	15026	12645	146549267.866067	4
20231127 180427	551	2951478	gbdt	binary	custom	TRUE	TRUE	FALSE	TRUE	-100	-1	0	0.001	0	0	31	75	1	1	1	FALSE	1	0.1	50	0.5	TRUE	2	0.272203997038887	0.863055809261277	675	41051	12354	152632064.967516	5
20231127 181129	551	2951478	gbdt	binary	custom	TRUE	TRUE	FALSE	TRUE	-100	-1	0	0.001	0	0	31	72	1	1	1	FALSE	1	0.1	50	0.5	TRUE	2	0.107606871851021	0.360473641538265	568	40200	11221	153273829.585207	6
20231127 182247	551	2951478	gbdt	binary	custom	TRUE	TRUE	FALSE	TRUE	-100	-1	0	0.001	0	0	31	192	1	1	1	FALSE	1	0.1	50	0.5	TRUE	2	0.233005632024142	0.563426857854356	718	9507	11391	146305558.72064	7
20231127 182854	551	2951478	gbdt	binary	custom	TRUE	TRUE	FALSE	TRUE	-100	-1	0	0.001	0	0	31	31	1	1	1	FALSE	1	0.1	50	0.5	TRUE	2	0.184744682681048	0.755653283642314	932	30286	11972	152197519.24038	8
20231127 183654	551	2951478	gbdt	binary	custom	TRUE	TRUE	FALSE	TRUE	-100	-1	0	0.001	0	0	31	130	1	1	1	FALSE	1	0.1	50	0.5	TRUE	2	0.0529066836758284	0.747310824762826	117	33972	13799	154606320.33983	9
20231127 184955	551	2951478	gbdt	binary	custom	TRUE	TRUE	FALSE	TRUE	-100	-1	0	0.001	0	0	31	226	1	1	1	FALSE	1	0.1	50	0.5	TRUE	2	0.0226976562611526	0.395138566496025	439	8654	13552	157650242.878561	10
20231127 185501	551	2951478	gbdt	binary	custom	TRUE	TRUE	FALSE	TRUE	-100	-1	0	0.001	0	0	31	194	1	1	1	FALSE	1	0.1	50	0.5	TRUE	2	0.201504896614351	0.0278880713127728	48	3616	13547	136740375.312344	11
20231127 190431	551	2951478	gbdt	binary	custom	TRUE	TRUE	FALSE	TRUE	-100	-1	0	0.001	0	0	31	476	1	1	1	FALSE	1	0.1	50	0.5	TRUE	2	0.283602802478708	0.131638968705811	976	20631	12603	143119029.985007	12
20231127 191248	551	2951478	gbdt	binary	custom	TRUE	TRUE	FALSE	TRUE	-100	-1	0	0.001	0	0	31	99	1	1	1	FALSE	1	0.1	50	0.5	TRUE	2	0.060794945663074	0.675542781198892	787	45222	12800	154369835.082459	13
20231127 191920	551	2951478	gbdt	binary	custom	TRUE	TRUE	FALSE	TRUE	-100	-1	0	0.001	0	0	31	39	1	1	1	FALSE	1	0.1	50	0.5	TRUE	2	0.263095895088045	0.927322228727135	302	25233	12097	153878061.469265	14
20231127 193952	551	2951478	gbdt	binary	custom	TRUE	TRUE	FALSE	TRUE	-100	-1	0	0.001	0	0	31	506	1	1	1	FALSE	1	0.1	50	0.5	TRUE	2	0.15812888589513	0.998201644593209	889	1883	11817	140346407.296352	15
20231127 194520	551	2951478	gbdt	binary	custom	TRUE	TRUE	FALSE	TRUE	-100	-1	0	0.001	0	0	31	68	1	1	1	FALSE	1	0.1	50	0.5	TRUE	2	0.166503182958113	0.174421622675873	255	36922	11884	150296457.771114	16
20231127 195959	551	2951478	gbdt	binary	custom	TRUE	TRUE	FALSE	TRUE	-100	-1	0	0.001	0	0	31	279	1	1	1	FALSE	1	0.1	50	0.5	TRUE	2	0.0200677387822563	0.497032371805552	394	21998	12648	158364389.805097	17
20231127 201606	551	2951478	gbdt	binary	custom	TRUE	TRUE	FALSE	TRUE	-100	-1	0	0.001	0	0	31	1642	1	1	1	FALSE	1	0.1	50	0.5	TRUE	2	0.021207334729651	0.0106596828978724	319	20552	13606	142250193.903048	18
20231127 203105	551	2951478	gbdt	binary	custom	TRUE	TRUE	FALSE	TRUE	-100	-1	0	0.001	0	0	31	329	1	1	1	FALSE	1	0.1	50	0.5	TRUE	2	0.0201164252273042	0.424583265430948	459	22511	13878	156500416.791604	19
20231127 204554	551	2951478	gbdt	binary	custom	TRUE	TRUE	FALSE	TRUE	-100	-1	0	0.001	0	0	31	332	1	1	1	FALSE	1	0.1	50	0.5	TRUE	2	0.020071140178421	0.514779829226318	431	31298	13319	153709508.745627	20
20231127 205732	551	2951478	gbdt	binary	custom	TRUE	TRUE	FALSE	TRUE	-100	-1	0	0.001	0	0	31	125	1	1	1	FALSE	1	0.1	50	0.5	TRUE	2	0.0292520563875389	0.544404975284488	529	15175	13619	155274696.151924	21
20231127 211051	551	2951478	gbdt	binary	custom	TRUE	TRUE	FALSE	TRUE	-100	-1	0	0.001	0	0	31	195	1	1	1	FALSE	1	0.1	50	0.5	TRUE	2	0.0200239577823824	0.472617755607985	255	12124	14354	156711725.137431	22
20231127 212321	551	2951478	gbdt	binary	custom	TRUE	TRUE	FALSE	TRUE	-100	-1	0	0.001	0	0	31	174	1	1	1	FALSE	1	0.1	50	0.5	TRUE	2	0.0202641737947693	0.485215294994967	749	19809	14650	154979195.402299	23
20231127 215255	551	2951478	gbdt	binary	custom	TRUE	TRUE	FALSE	TRUE	-100	-1	0	0.001	0	0	31	1310	1	1	1	FALSE	1	0.1	50	0.5	TRUE	2	0.0200635800735659	0.446093151698105	434	681	12450	155396606.696652	24
20231127 220529	551	2951478	gbdt	binary	custom	TRUE	TRUE	FALSE	TRUE	-100	-1	0	0.001	0	0	31	175	1	1	1	FALSE	1	0.1	50	0.5	TRUE	2	0.0201323723203417	0.49678551803208	200	21030	11512	155028373.813093	25
20231127 221816	551	2951478	gbdt	binary	custom	TRUE	TRUE	FALSE	TRUE	-100	-1	0	0.001	0	0	31	278	1	1	1	FALSE	1	0.1	50	0.5	TRUE	2	0.0200669152076135	0.816958120833067	425	26213	12980	157487546.226887	26
20231127 223018	551	2951478	gbdt	binary	custom	TRUE	TRUE	FALSE	TRUE	-100	-1	0	0.001	0	0	31	270	1	1	1	FALSE	1	0.1	50	0.5	TRUE	2	0.0200346618287764	0.899535960076289	380	34921	13047	154552279.36032	27
20231127 224233	551	2951478	gbdt	binary	custom	TRUE	TRUE	FALSE	TRUE	-100	-1	0	0.001	0	0	31	236	1	1	1	FALSE	1	0.1	50	0.5	TRUE	2	0.020240849523981	0.718462490387726	436	25213	12736	156256875.562219	28
20231127 225240	551	2951478	gbdt	binary	custom	TRUE	TRUE	FALSE	TRUE	-100	-1	0	0.001	0	0	31	219	1	1	1	FALSE	1	0.1	50	0.5	TRUE	2	0.025876954054529	0.781366425551207	360	49597	11330	153528680.65967	29
20231127 230354	551	2951478	gbdt	binary	custom	TRUE	TRUE	FALSE	TRUE	-100	-1	0	0.001	0	0	31	214	1	1	1	FALSE	1	0.1	50	0.5	TRUE	2	0.0202044283940372	0.864593244679319	49	25740	12861	157234129.435282	30
20231127 231303	551	2951478	gbdt	binary	custom	TRUE	TRUE	FALSE	TRUE	-100	-1	0	0.001	0	0	31	603	1	1	1	FALSE	1	0.1	50	0.5	TRUE	2	0.0298878429948581	0.999835886743574	9	26654	14928	155867338.330835	31
20231127 232004	551	2951478	gbdt	binary	custom	TRUE	TRUE	FALSE	TRUE	-100	-1	0	0.001	0	0	31	536	1	1	1	FALSE	1	0.1	50	0.5	TRUE	2	0.193548494306183	0.999775989405484	8	44539	11814	153256642.678661	32
20231127 232648	551	2951478	gbdt	binary	custom	TRUE	TRUE	FALSE	TRUE	-100	-1	0	0.001	0	0	31	86	1	1	1	FALSE	1	0.1	50	0.5	TRUE	2	0.299830477232046	0.667633212691975	398	49994	14631	147772585.207396	33
20231127 233903	551	2951478	gbdt	binary	custom	TRUE	TRUE	FALSE	TRUE	-100	-1	0	0.001	0	0	31	205	1	1	1	FALSE	1	0.1	50	0.5	TRUE	2	0.020086291703587	0.823309584498166	288	23008	13402	156722471.764118	34
20231127 234922	551	2951478	gbdt	binary	custom	TRUE	TRUE	FALSE	TRUE	-100	-1	0	0.001	0	0	31	170	1	1	1	FALSE	1	0.1	50	0.5	TRUE	2	0.0202552299659838	0.808206791595957	1024	44128	14811	151695873.563218	35
20231127 235651	551	2951478	gbdt	binary	custom	TRUE	TRUE	FALSE	TRUE	-100	-1	0	0.001	0	0	31	73	1	1	1	FALSE	1	0.1	50	0.5	TRUE	2	0.0958583680059505	0.84897286839589	256	28307	12471	157080311.344328	36
20231128 000752	551	2951478	gbdt	binary	custom	TRUE	TRUE	FALSE	TRUE	-100	-1	0	0.001	0	0	31	367	1	1	1	FALSE	1	0.1	50	0.5	TRUE	2	0.0201796268568538	0.243350035350124	1022	45454	13434	150869646.176912	37
20231128 001537	551	2951478	gbdt	binary	custom	TRUE	TRUE	FALSE	TRUE	-100	-1	0	0.001	0	0	31	531	1	1	1	FALSE	1	0.1	50	0.5	TRUE	2	0.0472122282609078	0.837908510050446	8	41151	12599	154502352.323838	38
20231128 002514	551	2951478	gbdt	binary	custom	TRUE	TRUE	FALSE	TRUE	-100	-1	0	0.001	0	0	31	1007	1	1	1	FALSE	1	0.1	50	0.5	TRUE	2	0.205515756318518	0.897487877951597	8	31409	13165	150793485.757121	39
20231128 003315	551	2951478	gbdt	binary	custom	TRUE	TRUE	FALSE	TRUE	-100	-1	0	0.001	0	0	31	86	1	1	1	FALSE	1	0.1	50	0.5	TRUE	2	0.0686708515394988	0.879273478624116	397	25580	13458	156572970.514743	40
20231128 004436	551	2951478	gbdt	binary	custom	TRUE	TRUE	FALSE	TRUE	-100	-1	0	0.001	0	0	31	202	1	1	1	FALSE	1	0.1	50	0.5	TRUE	2	0.0207655242836369	0.844036664859011	250	27837	11821	156061655.672164	41
20231128 005123	551	2951478	gbdt	binary	custom	TRUE	TRUE	FALSE	TRUE	-100	-1	0	0.001	0	0	31	54	1	1	1	FALSE	1	0.1	50	0.5	TRUE	2	0.103015297132718	0.795566127093073	510	37598	11322	155926689.655172	42
20231128 005706	551	2951478	gbdt	binary	custom	TRUE	TRUE	FALSE	TRUE	-100	-1	0	0.001	0	0	31	39	1	1	1	FALSE	1	0.1	50	0.5	TRUE	2	0.0728907318920059	0.814097027075342	38	25418	12479	151308449.275362	43
20231128 010351	551	2951478	gbdt	binary	custom	TRUE	TRUE	FALSE	TRUE	-100	-1	0	0.001	0	0	31	86	1	1	1	FALSE	1	0.1	50	0.5	TRUE	2	0.164018080688055	0.908642872364752	272	46616	12589	154766995.002499	44
20231128 011251	551	2951478	gbdt	binary	custom	TRUE	TRUE	FALSE	TRUE	-100	-1	0	0.001	0	0	31	285	1	1	1	FALSE	1	0.1	50	0.5	TRUE	2	0.141089846545388	0.328142074839718	1024	49985	12565	155324700.149925	45
20231128 013109	551	2951478	gbdt	binary	custom	TRUE	TRUE	FALSE	TRUE	-100	-1	0	0.001	0	0	31	522	1	1	1	FALSE	1	0.1	50	0.5	TRUE	2	0.0961432447805466	0.82695753650244	472	3578	12998	148427713.143428	46
20231128 014223	551	2951478	gbdt	binary	custom	TRUE	TRUE	FALSE	TRUE	-100	-1	0	0.001	0	0	31	175	1	1	1	FALSE	1	0.1	50	0.5	TRUE	2	0.0270533398923811	0.400610622257532	373	15195	12532	159642636.681659	47
20231128 015012	551	2951478	gbdt	binary	custom	TRUE	TRUE	FALSE	TRUE	-100	-1	0	0.001	0	0	31	51	1	1	1	FALSE	1	0.1	50	0.5	TRUE	2	0.076884280399152	0.423761138507935	1024	19062	14970	155653098.450775	48
20231128 020146	551	2951478	gbdt	binary	custom	TRUE	TRUE	FALSE	TRUE	-100	-1	0	0.001	0	0	31	455	1	1	1	FALSE	1	0.1	50	0.5	TRUE	2	0.109682075166364	0.61413579179821	1024	49996	12707	157546152.423788	49
20231128 020805	551	2951478	gbdt	binary	custom	TRUE	TRUE	FALSE	TRUE	-100	-1	0	0.001	0	0	31	47	1	1	1	FALSE	1	0.1	50	0.5	TRUE	2	0.112393253773679	0.801548851667023	847	49993	11839	152162162.418791	50
20231128 021341	551	2951478	gbdt	binary	custom	TRUE	TRUE	FALSE	TRUE	-100	-1	0	0.001	0	0	31	17	1	1	1	FALSE	1	0.1	50	0.5	TRUE	2	0.236057779190196	0.618906917366734	1024	49988	13457	148432544.227886	51
20231128 021944	551	2951478	gbdt	binary	custom	TRUE	TRUE	FALSE	TRUE	-100	-1	0	0.001	0	0	31	48	1	1	1	FALSE	1	0.1	50	0.5	TRUE	2	0.299835211197146	0.999719848408403	93	48872	12225	150922291.354323	52
20231128 023734	551	2951478	gbdt	binary	custom	TRUE	TRUE	FALSE	TRUE	-100	-1	0	0.001	0	0	31	785	1	1	1	FALSE	1	0.1	50	0.5	TRUE	2	0.0882167050726078	0.480555979040495	956	49979	11723	156626616.191904	53
20231128 024711	551	2951478	gbdt	binary	custom	TRUE	TRUE	FALSE	TRUE	-100	-1	0	0.001	0	0	31	315	1	1	1	FALSE	1	0.1	50	0.5	TRUE	2	0.103723490838003	0.999392740405272	144	49934	12103	157746966.016991	54
20231128 025532	551	2951478	gbdt	binary	custom	TRUE	TRUE	FALSE	TRUE	-100	-1	0	0.001	0	0	31	99	1	1	1	FALSE	1	0.1	50	0.5	TRUE	2	0.0557492001065827	0.623999207420303	964	23941	12671	154224899.050475	55
20231128 030256	551	2951478	gbdt	binary	custom	TRUE	TRUE	FALSE	TRUE	-100	-1	0	0.001	0	0	31	154	1	1	1	FALSE	1	0.1	50	0.5	TRUE	2	0.226286783488452	0.999741711226769	501	49922	12226	153590893.553223	56
20231128 031549	551	2951478	gbdt	binary	custom	TRUE	TRUE	FALSE	TRUE	-100	-1	0	0.001	0	0	31	287	1	1	1	FALSE	1	0.1	50	0.5	TRUE	2	0.0229881497706148	0.814696354105588	637	20922	14200	155730374.812594	57
20231128 032220	551	2951478	gbdt	binary	custom	TRUE	TRUE	FALSE	TRUE	-100	-1	0	0.001	0	0	31	453	1	1	1	FALSE	1	0.1	50	0.5	TRUE	2	0.108473014483377	0.0115941628714219	1024	46557	13199	140775775.612194	58
20231128 032953	551	2951478	gbdt	binary	custom	TRUE	TRUE	FALSE	TRUE	-100	-1	0	0.001	0	0	31	124	1	1	1	FALSE	1	0.1	50	0.5	TRUE	2	0.120057064506089	0.999884218333024	251	33668	12970	155473428.285857	59
20231128 033707	551	2951478	gbdt	binary	custom	TRUE	TRUE	FALSE	TRUE	-100	-1	0	0.001	0	0	31	27	1	1	1	FALSE	1	0.1	50	0.5	TRUE	2	0.133733798786937	0.502289460567473	1024	37451	13729	146425975.512244	60
20231128 034628	551	2951478	gbdt	binary	custom	TRUE	TRUE	FALSE	TRUE	-100	-1	0	0.001	0	0	31	152	1	1	1	FALSE	1	0.1	50	0.5	TRUE	2	0.0496114667726994	0.387081412212764	371	16274	11396	158895186.406797	61
20231128 035428	551	2951478	gbdt	binary	custom	TRUE	TRUE	FALSE	TRUE	-100	-1	0	0.001	0	0	31	156	1	1	1	FALSE	1	0.1	50	0.5	TRUE	2	0.0823267281026491	0.348515306393182	1023	49979	12731	151668027.486257	62
20231128 040327	551	2951478	gbdt	binary	custom	TRUE	TRUE	FALSE	TRUE	-100	-1	0	0.001	0	0	31	271	1	1	1	FALSE	1	0.1	50	0.5	TRUE	2	0.100632594602028	0.902132579468629	274	48966	12179	158773646.676662	63
20231128 042126	551	2951478	gbdt	binary	custom	TRUE	TRUE	FALSE	TRUE	-100	-1	0	0.001	0	0	31	598	1	1	1	FALSE	1	0.1	50	0.5	TRUE	2	0.0369357935196141	0.482376024663119	381	16829	12377	155480260.369815	64
20231128 043143	551	2951478	gbdt	binary	custom	TRUE	TRUE	FALSE	TRUE	-100	-1	0	0.001	0	0	31	175	1	1	1	FALSE	1	0.1	50	0.5	TRUE	2	0.0280139517471337	0.348239359743769	336	17346	13597	155356912.043978	65
20231128 043857	551	2951478	gbdt	binary	custom	TRUE	TRUE	FALSE	TRUE	-100	-1	0	0.001	0	0	31	79	1	1	1	FALSE	1	0.1	50	0.5	TRUE	2	0.0915738434568419	0.941630557778373	114	36961	13188	156494714.642679	66
20231128 044742	551	2951478	gbdt	binary	custom	TRUE	TRUE	FALSE	TRUE	-100	-1	0	0.001	0	0	31	249	1	1	1	FALSE	1	0.1	50	0.5	TRUE	2	0.114293102781029	0.867441455980204	254	48678	12643	159794072.463768	67
20231128 045530	551	2951478	gbdt	binary	custom	TRUE	TRUE	FALSE	TRUE	-100	-1	0	0.001	0	0	31	49	1	1	1	FALSE	1	0.1	50	0.5	TRUE	2	0.0791236178062912	0.401652153441368	328	15008	11411	156767917.541229	68
20231128 050144	551	2951478	gbdt	binary	custom	TRUE	TRUE	FALSE	TRUE	-100	-1	0	0.001	0	0	31	49	1	1	1	FALSE	1	0.1	50	0.5	TRUE	2	0.102269313959014	0.864570923859827	354	49099	10927	149142864.067966	69
20231128 050825	551	2951478	gbdt	binary	custom	TRUE	TRUE	FALSE	TRUE	-100	-1	0	0.001	0	0	31	69	1	1	1	FALSE	1	0.1	50	0.5	TRUE	2	0.0956400616173543	0.900689335603204	210	48321	14126	154580828.585707	70
20231128 051747	551	2951478	gbdt	binary	custom	TRUE	TRUE	FALSE	TRUE	-100	-1	0	0.001	0	0	31	141	1	1	1	FALSE	1	0.1	50	0.5	TRUE	2	0.0424031372330347	0.364515442271898	385	13071	11825	156918853.073463	71
20231128 052557	551	2951478	gbdt	binary	custom	TRUE	TRUE	FALSE	TRUE	-100	-1	0	0.001	0	0	31	200	1	1	1	FALSE	1	0.1	50	0.5	TRUE	2	0.118565834265436	0.963643890142218	256	49975	11963	157440589.205397	72
20231128 053735	551	2951478	gbdt	binary	custom	TRUE	TRUE	FALSE	TRUE	-100	-1	0	0.001	0	0	31	193	1	1	1	FALSE	1	0.1	50	0.5	TRUE	2	0.0211323812511589	0.385823604899975	431	15355	13762	156657544.227886	73
20231128 054616	551	2951478	gbdt	binary	custom	TRUE	TRUE	FALSE	TRUE	-100	-1	0	0.001	0	0	31	95	1	1	1	FALSE	1	0.1	50	0.5	TRUE	2	0.0520957611326452	0.418932735479529	377	23214	12628	156512345.827086	74
20231128 055638	551	2951478	gbdt	binary	custom	TRUE	TRUE	FALSE	TRUE	-100	-1	0	0.001	0	0	31	178	1	1	1	FALSE	1	0.1	50	0.5	TRUE	2	0.027680427017837	0.789697800305534	352	26556	12899	157345520.73963	75
20231128 060820	551	2951478	gbdt	binary	custom	TRUE	TRUE	FALSE	TRUE	-100	-1	0	0.001	0	0	31	181	1	1	1	FALSE	1	0.1	50	0.5	TRUE	2	0.020422088430018	0.811345796659186	391	22368	14582	155841682.158921	76
20231128 061450	551	2951478	gbdt	binary	custom	TRUE	TRUE	FALSE	TRUE	-100	-1	0	0.001	0	0	31	57	1	1	1	FALSE	1	0.1	50	0.5	TRUE	2	0.111223510173608	0.799721473358166	262	49496	12583	153549204.897551	77
20231128 062212	551	2951478	gbdt	binary	custom	TRUE	TRUE	FALSE	TRUE	-100	-1	0	0.001	0	0	31	23	1	1	1	FALSE	1	0.1	50	0.5	TRUE	2	0.156299758708121	0.451713106324337	261	11547	13295	152399007.996002	78
20231128 062854	551	2951478	gbdt	binary	custom	TRUE	TRUE	FALSE	TRUE	-100	-1	0	0.001	0	0	31	59	1	1	1	FALSE	1	0.1	50	0.5	TRUE	2	0.251527019610885	0.0705267217904954	567	7525	12971	144455473.763118	79
20231128 063654	551	2951478	gbdt	binary	custom	TRUE	TRUE	FALSE	TRUE	-100	-1	0	0.001	0	0	31	234	1	1	1	FALSE	1	0.1	50	0.5	TRUE	2	0.157061995510751	0.0426435924740246	989	6380	14124	145401285.357321	80
20231128 064359	551	2951478	gbdt	binary	custom	TRUE	TRUE	FALSE	TRUE	-100	-1	0	0.001	0	0	31	39	1	1	1	FALSE	1	0.1	50	0.5	TRUE	2	0.0668159191272573	0.937793467608632	135	31405	11901	150725843.578211	81
20231128 065427	551	2951478	gbdt	binary	custom	TRUE	TRUE	FALSE	TRUE	-100	-1	0	0.001	0	0	31	404	1	1	1	FALSE	1	0.1	50	0.5	TRUE	2	0.259775485097473	0.936894632649225	150	4583	13182	141683141.429285	82
20231128 070349	551	2951478	gbdt	binary	custom	TRUE	TRUE	FALSE	TRUE	-100	-1	0	0.001	0	0	31	323	1	1	1	FALSE	1	0.1	50	0.5	TRUE	2	0.131875071862334	0.865941164709354	80	11755	12788	153820651.674163	83
20231128 071245	551	2951478	gbdt	binary	custom	TRUE	TRUE	FALSE	TRUE	-100	-1	0	0.001	0	0	31	372	1	1	1	FALSE	1	0.1	50	0.5	TRUE	2	0.207824851773933	0.353666945252149	14	38410	12707	154949750.624688	84
20231128 071951	551	2951478	gbdt	binary	custom	TRUE	TRUE	FALSE	TRUE	-100	-1	0	0.001	0	0	31	67	1	1	1	FALSE	1	0.1	50	0.5	TRUE	2	0.140983394043535	0.381548185711364	204	29971	11158	157037468.265867	85
20231128 072859	551	2951478	gbdt	binary	custom	TRUE	TRUE	FALSE	TRUE	-100	-1	0	0.001	0	0	31	599	1	1	1	FALSE	1	0.1	50	0.5	TRUE	2	0.290171446419512	0.0667126438650931	647	24206	12389	137888354.322839	86
20231128 073529	551	2951478	gbdt	binary	custom	TRUE	TRUE	FALSE	TRUE	-100	-1	0	0.001	0	0	31	36	1	1	1	FALSE	1	0.1	50	0.5	TRUE	2	0.140742840197932	0.720055192103968	331	34285	13650	151439945.027486	87
20231128 074143	551	2951478	gbdt	binary	custom	TRUE	TRUE	FALSE	TRUE	-100	-1	0	0.001	0	0	31	75	1	1	1	FALSE	1	0.1	50	0.5	TRUE	2	0.103349264694184	0.358397805358216	22	45305	12223	151224267.366317	88
20231128 075807	551	2951478	gbdt	binary	custom	TRUE	TRUE	FALSE	TRUE	-100	-1	0	0.001	0	0	31	512	1	1	1	FALSE	1	0.1	50	0.5	TRUE	2	0.0950740277330665	0.494865850923063	283	3799	14277	141278411.294353	89
20231128 080526	551	2951478	gbdt	binary	custom	TRUE	TRUE	FALSE	TRUE	-100	-1	0	0.001	0	0	31	130	1	1	1	FALSE	1	0.1	50	0.5	TRUE	2	0.121111575011163	0.897679125328323	262	48422	12175	158614000.49975	90
20231128 081233	551	2951478	gbdt	binary	custom	TRUE	TRUE	FALSE	TRUE	-100	-1	0	0.001	0	0	31	44	1	1	1	FALSE	1	0.1	50	0.5	TRUE	2	0.0703519154550899	0.600630996297811	957	49961	12656	146466810.594703	91
20231128 082135	551	2951478	gbdt	binary	custom	TRUE	TRUE	FALSE	TRUE	-100	-1	0	0.001	0	0	31	258	1	1	1	FALSE	1	0.1	50	0.5	TRUE	2	0.109838166149957	0.922636422582504	254	48546	12150	155890909.545227	92
20231128 082536	551	2951478	gbdt	binary	custom	TRUE	TRUE	FALSE	TRUE	-100	-1	0	0.001	0	0	31	106	1	1	1	FALSE	1	0.1	50	0.5	TRUE	2	0.280856398742797	0.0199867104780618	463	25640	13904	137629641.17941	93
20231128 084356	551	2951478	gbdt	binary	custom	TRUE	TRUE	FALSE	TRUE	-100	-1	0	0.001	0	0	31	1004	1	1	1	FALSE	1	0.1	50	0.5	TRUE	2	0.11659918365841	0.880003591662211	227	47769	11374	156558711.644178	94
20231128 085038	551	2951478	gbdt	binary	custom	TRUE	TRUE	FALSE	TRUE	-100	-1	0	0.001	0	0	31	45	1	1	1	FALSE	1	0.1	50	0.5	TRUE	2	0.074442249367048	0.987428615136547	715	44122	13978	149836318.84058	95
20231128 085920	551	2951478	gbdt	binary	custom	TRUE	TRUE	FALSE	TRUE	-100	-1	0	0.001	0	0	31	51	1	1	1	FALSE	1	0.1	50	0.5	TRUE	2	0.0876856642630645	0.519561888431574	808	10948	11873	156521843.578211	96
20231128 091018	551	2951478	gbdt	binary	custom	TRUE	TRUE	FALSE	TRUE	-100	-1	0	0.001	0	0	31	113	1	1	1	FALSE	1	0.1	50	0.5	TRUE	2	0.0439230824851713	0.567848416426717	432	13393	15091	156232545.227386	97
20231128 091708	551	2951478	gbdt	binary	custom	TRUE	TRUE	FALSE	TRUE	-100	-1	0	0.001	0	0	31	63	1	1	1	FALSE	1	0.1	50	0.5	TRUE	2	0.124434762611108	0.968325507898101	957	36861	12734	152524668.665667	98
20231128 092429	551	2951478	gbdt	binary	custom	TRUE	TRUE	FALSE	TRUE	-100	-1	0	0.001	0	0	31	57	1	1	1	FALSE	1	0.1	50	0.5	TRUE	2	0.129755047054107	0.497694234685579	177	42528	11517	154242929.035482	99
20231128 093125	551	2951478	gbdt	binary	custom	TRUE	TRUE	FALSE	TRUE	-100	-1	0	0.001	0	0	31	141	1	1	1	FALSE	1	0.1	50	0.5	TRUE	2	0.0522321896613611	0.204869954342102	230	41266	12578	150259047.476262	100
20231128 093813	551	2951478	gbdt	binary	custom	TRUE	TRUE	FALSE	TRUE	-100	-1	0	0.001	0	0	31	30	1	1	1	FALSE	1	0.1	50	0.5	TRUE	2	0.285507612180427	0.7414578557404	658	18114	12542	145029148.425787	101
20231128 094502	551	2951478	gbdt	binary	custom	TRUE	TRUE	FALSE	TRUE	-100	-1	0	0.001	0	0	31	17	1	1	1	FALSE	1	0.1	50	0.5	TRUE	2	0.206315935211879	0.360689352982765	286	9850	15429	145783206.896552	102
20231128 095326	551	2951478	gbdt	binary	custom	TRUE	TRUE	FALSE	TRUE	-100	-1	0	0.001	0	0	31	74	1	1	1	FALSE	1	0.1	50	0.5	TRUE	2	0.0500549128510575	0.867472741712208	898	18950	12172	153769213.393303	103
20231128 100411	551	2951478	gbdt	binary	custom	TRUE	TRUE	FALSE	TRUE	-100	-1	0	0.001	0	0	31	400	1	1	1	FALSE	1	0.1	50	0.5	TRUE	2	0.120136700997519	0.824563600381387	706	46875	11038	158504774.612694	104
20231128 101810	551	2951478	gbdt	binary	custom	TRUE	TRUE	FALSE	TRUE	-100	-1	0	0.001	0	0	31	295	1	1	1	FALSE	1	0.1	50	0.5	TRUE	2	0.214604146773168	0.64391346595176	952	4898	12973	141793997.501249	105
20231128 103017	551	2951478	gbdt	binary	custom	TRUE	TRUE	FALSE	TRUE	-100	-1	0	0.001	0	0	31	175	1	1	1	FALSE	1	0.1	50	0.5	TRUE	2	0.0260305563073436	0.464394405108972	373	12550	12902	159231067.466267	106
20231128 104235	551	2951478	gbdt	binary	custom	TRUE	TRUE	FALSE	TRUE	-100	-1	0	0.001	0	0	31	155	1	1	1	FALSE	1	0.1	50	0.5	TRUE	2	0.0252323941845342	0.521515228721712	363	15259	13534	158659761.11944	107
20231128 105307	551	2951478	gbdt	binary	custom	TRUE	TRUE	FALSE	TRUE	-100	-1	0	0.001	0	0	31	141	1	1	1	FALSE	1	0.1	50	0.5	TRUE	2	0.0313970761546743	0.406517966555066	403	13650	12248	156072755.622189	108
20231128 110206	551	2951478	gbdt	binary	custom	TRUE	TRUE	FALSE	TRUE	-100	-1	0	0.001	0	0	31	94	1	1	1	FALSE	1	0.1	50	0.5	TRUE	2	0.0474967355994057	0.417199724509875	420	18864	12779	155621862.568716	109
20231128 111114	551	2951478	gbdt	binary	custom	TRUE	TRUE	FALSE	TRUE	-100	-1	0	0.001	0	0	31	88	1	1	1	FALSE	1	0.1	50	0.5	TRUE	2	0.0524287012429857	0.459905776088088	355	14095	10834	156550385.807096	110
20231128 112311	551	2951478	gbdt	binary	custom	TRUE	TRUE	FALSE	TRUE	-100	-1	0	0.001	0	0	31	173	1	1	1	FALSE	1	0.1	50	0.5	TRUE	2	0.0263763724015852	0.51540905926392	384	23256	13326	155824806.596702	111
20231128 113352	551	2951478	gbdt	binary	custom	TRUE	TRUE	FALSE	TRUE	-100	-1	0	0.001	0	0	31	394	1	1	1	FALSE	1	0.1	50	0.5	TRUE	2	0.121245735520415	0.86290258397736	598	47019	13215	157590272.363818	112
20231128 114118	551	2951478	gbdt	binary	custom	TRUE	TRUE	FALSE	TRUE	-100	-1	0	0.001	0	0	31	121	1	1	1	FALSE	1	0.1	50	0.5	TRUE	2	0.120347899609105	0.846432124950744	668	43657	11561	157573389.805097	113
20231128 115011	551	2951478	gbdt	binary	custom	TRUE	TRUE	FALSE	TRUE	-100	-1	0	0.001	0	0	31	226	1	1	1	FALSE	1	0.1	50	0.5	TRUE	2	0.0994785404866867	0.900282097355886	257	36522	11736	158209459.270365	114
20231128 115638	551	2951478	gbdt	binary	custom	TRUE	TRUE	FALSE	TRUE	-100	-1	0	0.001	0	0	31	41	1	1	1	FALSE	1	0.1	50	0.5	TRUE	2	0.100516920085071	0.94605800483288	256	43731	12220	152269275.362319	115
20231128 120857	551	2951478	gbdt	binary	custom	TRUE	TRUE	FALSE	TRUE	-100	-1	0	0.001	0	0	31	538	1	1	1	FALSE	1	0.1	50	0.5	TRUE	2	0.127906548506533	0.784291383191471	639	45829	12633	153740734.132934	116
