fecha	cols	rows	boosting	objective	metric	first_metric_only	boost_from_average	feature_pre_filter	force_row_wise	verbosity	max_depth	min_gain_to_split	min_sum_hessian_in_leaf	lambda_l1	lambda_l2	max_bin	num_iterations	bagging_fraction	pos_bagging_fraction	neg_bagging_fraction	is_unbalance	scale_pos_weight	drop_rate	max_drop	skip_drop	extra_trees	seed	learning_rate	feature_fraction	num_leaves	min_data_in_leaf	estimulos	ganancia	iteracion_bayesiana
20231127 162900	191	3328776	gbdt	binary	custom	TRUE	TRUE	FALSE	TRUE	-100	-1	0	0.001	0	0	31	453	1	1	1	FALSE	1	0.1	50	0.5	TRUE	2	0.0885101727151778	0.297409047270048	617	23962	11874	149968496.751624	1
20231127 163226	191	3328776	gbdt	binary	custom	TRUE	TRUE	FALSE	TRUE	-100	-1	0	0.001	0	0	31	68	1	1	1	FALSE	1	0.1	50	0.5	TRUE	2	0.0933363504387671	0.488722075060359	360	18408	14788	144837843.078461	2
20231127 163623	191	3328776	gbdt	binary	custom	TRUE	TRUE	FALSE	TRUE	-100	-1	0	0.001	0	0	31	361	1	1	1	FALSE	1	0.1	50	0.5	TRUE	2	0.217326173746842	0.253432601209643	508	48763	12299	150364831.084458	3
20231127 164009	191	3328776	gbdt	binary	custom	TRUE	TRUE	FALSE	TRUE	-100	-1	0	0.001	0	0	31	34	1	1	1	FALSE	1	0.1	50	0.5	TRUE	2	0.132904717026395	0.599434182006662	198	15026	12716	142291088.455772	4
20231127 164306	191	3328776	gbdt	binary	custom	TRUE	TRUE	FALSE	TRUE	-100	-1	0	0.001	0	0	31	55	1	1	1	FALSE	1	0.1	50	0.5	TRUE	2	0.272203997038887	0.863055809261277	675	41051	13299	146861262.868566	5
20231127 164550	191	3328776	gbdt	binary	custom	TRUE	TRUE	FALSE	TRUE	-100	-1	0	0.001	0	0	31	47	1	1	1	FALSE	1	0.1	50	0.5	TRUE	2	0.107606871851021	0.360473641538265	568	40200	11494	143148236.881559	6
20231127 165132	191	3328776	gbdt	binary	custom	TRUE	TRUE	FALSE	TRUE	-100	-1	0	0.001	0	0	31	111	1	1	1	FALSE	1	0.1	50	0.5	TRUE	2	0.233005632024142	0.563426857854356	718	9507	11370	146068170.914543	7
20231127 165807	191	3328776	gbdt	binary	custom	TRUE	TRUE	FALSE	TRUE	-100	-1	0	0.001	0	0	31	231	1	1	1	FALSE	1	0.1	50	0.5	TRUE	2	0.184744682681048	0.755653283642314	932	30286	12290	150869170.414793	8
20231127 170439	191	3328776	gbdt	binary	custom	TRUE	TRUE	FALSE	TRUE	-100	-1	0	0.001	0	0	31	476	1	1	1	FALSE	1	0.1	50	0.5	TRUE	2	0.0529066836758284	0.747310824762826	117	33972	13465	153884470.264868	9
20231127 171044	191	3328776	gbdt	binary	custom	TRUE	TRUE	FALSE	TRUE	-100	-1	0	0.001	0	0	31	127	1	1	1	FALSE	1	0.1	50	0.5	TRUE	2	0.0226976562611526	0.395138566496025	439	8654	13028	146006678.66067	10
20231127 171310	191	3328776	gbdt	binary	custom	TRUE	TRUE	FALSE	TRUE	-100	-1	0	0.001	0	0	31	197	1	1	1	FALSE	1	0.1	50	0.5	TRUE	2	0.201504896614351	0.0278880713127728	48	3616	13889	132951272.863568	11
20231127 171817	191	3328776	gbdt	binary	custom	TRUE	TRUE	FALSE	TRUE	-100	-1	0	0.001	0	0	31	616	1	1	1	FALSE	1	0.1	50	0.5	TRUE	2	0.283602802478708	0.131638968705811	976	20631	10901	144763004.997501	12
20231127 172428	191	3328776	gbdt	binary	custom	TRUE	TRUE	FALSE	TRUE	-100	-1	0	0.001	0	0	31	699	1	1	1	FALSE	1	0.1	50	0.5	TRUE	2	0.060794945663074	0.675542781198892	787	45222	12706	155365906.046977	13
20231127 172817	191	3328776	gbdt	binary	custom	TRUE	TRUE	FALSE	TRUE	-100	-1	0	0.001	0	0	31	256	1	1	1	FALSE	1	0.1	50	0.5	TRUE	2	0.263095895088045	0.927322228727135	302	25233	12623	141833702.648676	14
20231127 174131	191	3328776	gbdt	binary	custom	TRUE	TRUE	FALSE	TRUE	-100	-1	0	0.001	0	0	31	844	1	1	1	FALSE	1	0.1	50	0.5	TRUE	2	0.15812888589513	0.998201644593209	889	1883	15592	137556289.855072	15
20231127 174350	191	3328776	gbdt	binary	custom	TRUE	TRUE	FALSE	TRUE	-100	-1	0	0.001	0	0	31	78	1	1	1	FALSE	1	0.1	50	0.5	TRUE	2	0.166503182958113	0.174421622675873	255	36922	12083	142929424.787606	16
20231127 174845	191	3328776	gbdt	binary	custom	TRUE	TRUE	FALSE	TRUE	-100	-1	0	0.001	0	0	31	435	1	1	1	FALSE	1	0.1	50	0.5	TRUE	2	0.0438578171133567	0.715626338699815	548	42425	11782	150784190.904548	17
20231127 175300	191	3328776	gbdt	binary	custom	TRUE	TRUE	FALSE	TRUE	-100	-1	0	0.001	0	0	31	229	1	1	1	FALSE	1	0.1	50	0.5	TRUE	2	0.0203923748015642	0.777431366148232	797	47333	14844	146123184.407796	18
20231127 175708	191	3328776	gbdt	binary	custom	TRUE	TRUE	FALSE	TRUE	-100	-1	0	0.001	0	0	31	349	1	1	1	FALSE	1	0.1	50	0.5	TRUE	2	0.107054066858197	0.651541158794328	661	44643	13103	150660629.185407	19
20231127 180016	191	3328776	gbdt	binary	custom	TRUE	TRUE	FALSE	TRUE	-100	-1	0	0.001	0	0	31	43	1	1	1	FALSE	1	0.1	50	0.5	TRUE	2	0.115336368795211	0.682514407385141	932	34855	14769	147034811.094453	20
20231127 180628	191	3328776	gbdt	binary	custom	TRUE	TRUE	FALSE	TRUE	-100	-1	0	0.001	0	0	31	575	1	1	1	FALSE	1	0.1	50	0.5	TRUE	2	0.0689496404103264	0.665844226783706	629	45662	12468	154265909.045477	21
20231127 181435	191	3328776	gbdt	binary	custom	TRUE	TRUE	FALSE	TRUE	-100	-1	0	0.001	0	0	31	1120	1	1	1	FALSE	1	0.1	50	0.5	TRUE	2	0.0540459311267624	0.653364790210001	799	49898	12310	152528670.664668	22
20231127 182250	191	3328776	gbdt	binary	custom	TRUE	TRUE	FALSE	TRUE	-100	-1	0	0.001	0	0	31	813	1	1	1	FALSE	1	0.1	50	0.5	TRUE	2	0.0648822207050747	0.687425981190925	766	27906	12926	152200478.76062	23
20231127 182959	191	3328776	gbdt	binary	custom	TRUE	TRUE	FALSE	TRUE	-100	-1	0	0.001	0	0	31	922	1	1	1	FALSE	1	0.1	50	0.5	TRUE	2	0.0432477908682808	0.676244067187071	698	49109	12317	151946117.441279	24
20231127 183552	191	3328776	gbdt	binary	custom	TRUE	TRUE	FALSE	TRUE	-100	-1	0	0.001	0	0	31	673	1	1	1	FALSE	1	0.1	50	0.5	TRUE	2	0.0612581586368743	0.661529961175275	787	40049	11540	153261799.10045	25
20231127 183835	191	3328776	gbdt	binary	custom	TRUE	TRUE	FALSE	TRUE	-100	-1	0	0.001	0	0	31	42	1	1	1	FALSE	1	0.1	50	0.5	TRUE	2	0.0608391817620155	0.692940690088526	104	30732	12300	144439910.044978	26
20231127 184111	191	3328776	gbdt	binary	custom	TRUE	TRUE	FALSE	TRUE	-100	-1	0	0.001	0	0	31	65	1	1	1	FALSE	1	0.1	50	0.5	TRUE	2	0.0670019895071933	0.749496473424712	391	47117	13830	146416806.596702	27
20231127 184700	191	3328776	gbdt	binary	custom	TRUE	TRUE	FALSE	TRUE	-100	-1	0	0.001	0	0	31	635	1	1	1	FALSE	1	0.1	50	0.5	TRUE	2	0.0353021870223543	0.664260287778514	956	45411	12553	151415936.531734	28
20231127 185224	191	3328776	gbdt	binary	custom	TRUE	TRUE	FALSE	TRUE	-100	-1	0	0.001	0	0	31	655	1	1	1	FALSE	1	0.1	50	0.5	TRUE	2	0.0714179385852552	0.673592476335583	768	49580	12630	153941824.087956	29
20231127 185541	191	3328776	gbdt	binary	custom	TRUE	TRUE	FALSE	TRUE	-100	-1	0	0.001	0	0	31	96	1	1	1	FALSE	1	0.1	50	0.5	TRUE	2	0.036757022470622	0.746887959093601	65	30944	14421	146690961.01949	30
20231127 185832	191	3328776	gbdt	binary	custom	TRUE	TRUE	FALSE	TRUE	-100	-1	0	0.001	0	0	31	67	1	1	1	FALSE	1	0.1	50	0.5	TRUE	2	0.051971575185407	0.760347692889638	456	35688	14306	145324946.526737	31
20231127 190423	191	3328776	gbdt	binary	custom	TRUE	TRUE	FALSE	TRUE	-100	-1	0	0.001	0	0	31	696	1	1	1	FALSE	1	0.1	50	0.5	TRUE	2	0.0594596021980218	0.665101350630684	743	44015	12801	153672420.289855	32
20231127 190837	191	3328776	gbdt	binary	custom	TRUE	TRUE	FALSE	TRUE	-100	-1	0	0.001	0	0	31	379	1	1	1	FALSE	1	0.1	50	0.5	TRUE	2	0.0744534960498938	0.677475552263456	782	46658	11655	152137198.90055	33
20231127 191133	191	3328776	gbdt	binary	custom	TRUE	TRUE	FALSE	TRUE	-100	-1	0	0.001	0	0	31	105	1	1	1	FALSE	1	0.1	50	0.5	TRUE	2	0.0484425412258305	0.67711643758516	823	44287	14565	144638243.378311	34
20231127 191411	191	3328776	gbdt	binary	custom	TRUE	TRUE	FALSE	TRUE	-100	-1	0	0.001	0	0	31	69	1	1	1	FALSE	1	0.1	50	0.5	TRUE	2	0.0639988898177208	0.669278986422398	758	47448	14257	143653093.953023	35
20231127 191713	191	3328776	gbdt	binary	custom	TRUE	TRUE	FALSE	TRUE	-100	-1	0	0.001	0	0	31	13	1	1	1	FALSE	1	0.1	50	0.5	TRUE	2	0.156299758708121	0.451713106324337	261	11547	13495	136327903.548226	36
20231127 192036	191	3328776	gbdt	binary	custom	TRUE	TRUE	FALSE	TRUE	-100	-1	0	0.001	0	0	31	407	1	1	1	FALSE	1	0.1	50	0.5	TRUE	2	0.251527019610885	0.0705267217904954	567	7525	13733	139771868.565717	37
20231127 192317	191	3328776	gbdt	binary	custom	TRUE	TRUE	FALSE	TRUE	-100	-1	0	0.001	0	0	31	341	1	1	1	FALSE	1	0.1	50	0.5	TRUE	2	0.157061995510751	0.0426435924740246	989	6380	11993	140948890.054972	38
20231127 192755	191	3328776	gbdt	binary	custom	TRUE	TRUE	FALSE	TRUE	-100	-1	0	0.001	0	0	31	310	1	1	1	FALSE	1	0.1	50	0.5	TRUE	2	0.0668159191272573	0.937793467608632	135	31405	12988	153373575.212394	39
20231127 193010	191	3328776	gbdt	binary	custom	TRUE	TRUE	FALSE	TRUE	-100	-1	0	0.001	0	0	31	1	1	1	1	FALSE	1	0.1	50	0.5	TRUE	2	0.259775485097473	0.936894632649225	150	4583	13520	124645477.261369	40
20231127 193312	191	3328776	gbdt	binary	custom	TRUE	TRUE	FALSE	TRUE	-100	-1	0	0.001	0	0	31	186	1	1	1	FALSE	1	0.1	50	0.5	TRUE	2	0.131875071862334	0.865941164709354	80	11755	10527	151788521.23938	41
20231127 193518	191	3328776	gbdt	binary	custom	TRUE	TRUE	FALSE	TRUE	-100	-1	0	0.001	0	0	31	30	1	1	1	FALSE	1	0.1	50	0.5	TRUE	2	0.207824851773933	0.353666945252149	14	38410	10549	135429503.748126	42
20231127 194035	191	3328776	gbdt	binary	custom	TRUE	TRUE	FALSE	TRUE	-100	-1	0	0.001	0	0	31	475	1	1	1	FALSE	1	0.1	50	0.5	TRUE	2	0.140983394043535	0.381548185711364	204	29971	13357	146707136.931534	43
20231127 194250	191	3328776	gbdt	binary	custom	TRUE	TRUE	FALSE	TRUE	-100	-1	0	0.001	0	0	31	158	1	1	1	FALSE	1	0.1	50	0.5	TRUE	2	0.290171446419512	0.0667126438650931	647	24206	12466	137357890.054972	44
20231127 194517	191	3328776	gbdt	binary	custom	TRUE	TRUE	FALSE	TRUE	-100	-1	0	0.001	0	0	31	25	1	1	1	FALSE	1	0.1	50	0.5	TRUE	2	0.140742840197932	0.720055192103968	331	34285	14128	142619182.408796	45
20231127 194937	191	3328776	gbdt	binary	custom	TRUE	TRUE	FALSE	TRUE	-100	-1	0	0.001	0	0	31	449	1	1	1	FALSE	1	0.1	50	0.5	TRUE	2	0.103349264694184	0.358397805358216	22	45305	12260	150861299.350325	46
20231127 195256	191	3328776	gbdt	binary	custom	TRUE	TRUE	FALSE	TRUE	-100	-1	0	0.001	0	0	31	13	1	1	1	FALSE	1	0.1	50	0.5	TRUE	2	0.0950740277330665	0.494865850923063	283	3799	11814	141659941.029485	47
20231127 195508	191	3328776	gbdt	binary	custom	TRUE	TRUE	FALSE	TRUE	-100	-1	0	0.001	0	0	31	270	1	1	1	FALSE	1	0.1	50	0.5	TRUE	2	0.280856398742797	0.0199867104780618	463	25640	14596	136815626.186907	48
20231127 200041	191	3328776	gbdt	binary	custom	TRUE	TRUE	FALSE	TRUE	-100	-1	0	0.001	0	0	31	643	1	1	1	FALSE	1	0.1	50	0.5	TRUE	2	0.074442249367048	0.987428615136547	715	44122	13959	151015295.852074	49
20231127 200409	191	3328776	gbdt	binary	custom	TRUE	TRUE	FALSE	TRUE	-100	-1	0	0.001	0	0	31	32	1	1	1	FALSE	1	0.1	50	0.5	TRUE	2	0.0876856642630645	0.519561888431574	808	10948	12355	143050072.463768	50
20231127 200819	191	3328776	gbdt	binary	custom	TRUE	TRUE	FALSE	TRUE	-100	-1	0	0.001	0	0	31	71	1	1	1	FALSE	1	0.1	50	0.5	TRUE	2	0.0439230824851713	0.567848416426717	432	13393	13859	148066480.25987	51
20231127 201121	191	3328776	gbdt	binary	custom	TRUE	TRUE	FALSE	TRUE	-100	-1	0	0.001	0	0	31	147	1	1	1	FALSE	1	0.1	50	0.5	TRUE	2	0.124434762611108	0.968325507898101	957	36861	12759	153526340.329835	52
20231127 201706	191	3328776	gbdt	binary	custom	TRUE	TRUE	FALSE	TRUE	-100	-1	0	0.001	0	0	31	518	1	1	1	FALSE	1	0.1	50	0.5	TRUE	2	0.129755047054107	0.497694234685579	177	42528	13697	149294933.033483	53
20231127 202058	191	3328776	gbdt	binary	custom	TRUE	TRUE	FALSE	TRUE	-100	-1	0	0.001	0	0	31	306	1	1	1	FALSE	1	0.1	50	0.5	TRUE	2	0.0522321896613611	0.204869954342102	230	41266	13776	146259434.282859	54
20231127 202356	191	3328776	gbdt	binary	custom	TRUE	TRUE	FALSE	TRUE	-100	-1	0	0.001	0	0	31	68	1	1	1	FALSE	1	0.1	50	0.5	TRUE	2	0.285507612180427	0.7414578557404	658	18114	11869	146784406.296852	55
20231127 202653	191	3328776	gbdt	binary	custom	TRUE	TRUE	FALSE	TRUE	-100	-1	0	0.001	0	0	31	31	1	1	1	FALSE	1	0.1	50	0.5	TRUE	2	0.206315935211879	0.360689352982765	286	9850	10934	147408686.656672	56
20231127 203009	191	3328776	gbdt	binary	custom	TRUE	TRUE	FALSE	TRUE	-100	-1	0	0.001	0	0	31	57	1	1	1	FALSE	1	0.1	50	0.5	TRUE	2	0.0500549128510575	0.867472741712208	898	18950	15112	146217119.44028	57
20231127 203446	191	3328776	gbdt	binary	custom	TRUE	TRUE	FALSE	TRUE	-100	-1	0	0.001	0	0	31	471	1	1	1	FALSE	1	0.1	50	0.5	TRUE	2	0.120136700997519	0.824563600381387	706	46875	12036	149116315.842079	58
20231127 204848	191	3328776	gbdt	binary	custom	TRUE	TRUE	FALSE	TRUE	-100	-1	0	0.001	0	0	31	1245	1	1	1	FALSE	1	0.1	50	0.5	TRUE	2	0.214604146773168	0.64391346595176	952	4898	11911	138281410.794603	59
20231127 205346	191	3328776	gbdt	binary	custom	TRUE	TRUE	FALSE	TRUE	-100	-1	0	0.001	0	0	31	683	1	1	1	FALSE	1	0.1	50	0.5	TRUE	2	0.058377665901695	0.85122457888773	162	1271	14694	143112554.722639	60
20231127 205632	191	3328776	gbdt	binary	custom	TRUE	TRUE	FALSE	TRUE	-100	-1	0	0.001	0	0	31	109	1	1	1	FALSE	1	0.1	50	0.5	TRUE	2	0.29968106246321	0.681002829396657	576	37421	12704	148204153.923038	61
20231127 210124	191	3328776	gbdt	binary	custom	TRUE	TRUE	FALSE	TRUE	-100	-1	0	0.001	0	0	31	347	1	1	1	FALSE	1	0.1	50	0.5	TRUE	2	0.135998309715075	0.533034414663929	619	39362	12929	149726785.107446	62
20231127 210404	191	3328776	gbdt	binary	custom	TRUE	TRUE	FALSE	TRUE	-100	-1	0	0.001	0	0	31	86	1	1	1	FALSE	1	0.1	50	0.5	TRUE	2	0.131089377154752	0.164300084441343	573	15829	15380	141230334.832584	63
20231127 210750	191	3328776	gbdt	binary	custom	TRUE	TRUE	FALSE	TRUE	-100	-1	0	0.001	0	0	31	165	1	1	1	FALSE	1	0.1	50	0.5	TRUE	2	0.113169437156376	0.848948718376642	171	17551	11475	151718458.270865	64
20231127 211234	191	3328776	gbdt	binary	custom	TRUE	TRUE	FALSE	TRUE	-100	-1	0	0.001	0	0	31	291	1	1	1	FALSE	1	0.1	50	0.5	TRUE	2	0.0210995329436713	0.219527201681179	314	15765	13551	144975383.808096	65
20231127 211547	191	3328776	gbdt	binary	custom	TRUE	TRUE	FALSE	TRUE	-100	-1	0	0.001	0	0	31	21	1	1	1	FALSE	1	0.1	50	0.5	TRUE	2	0.16270178237593	0.333949558405291	770	5380	11767	141652269.365317	66
20231127 211902	191	3328776	gbdt	binary	custom	TRUE	TRUE	FALSE	TRUE	-100	-1	0	0.001	0	0	31	232	1	1	1	FALSE	1	0.1	50	0.5	TRUE	2	0.2507832151107	0.843448729692848	656	49338	13103	145776651.174413	67
20231127 212244	191	3328776	gbdt	binary	custom	TRUE	TRUE	FALSE	TRUE	-100	-1	0	0.001	0	0	31	284	1	1	1	FALSE	1	0.1	50	0.5	TRUE	2	0.212621747227889	0.217198065030923	695	17617	11685	144215654.672664	68
20231127 212619	191	3328776	gbdt	binary	custom	TRUE	TRUE	FALSE	TRUE	-100	-1	0	0.001	0	0	31	49	1	1	1	FALSE	1	0.1	50	0.5	TRUE	2	0.0633925861909375	0.490801359007948	808	17238	12029	142596580.209895	69
20231127 212915	191	3328776	gbdt	binary	custom	TRUE	TRUE	FALSE	TRUE	-100	-1	0	0.001	0	0	31	89	1	1	1	FALSE	1	0.1	50	0.5	TRUE	2	0.133580984165763	0.934390531523978	667	28703	12596	148504681.65917	70
20231127 213205	191	3328776	gbdt	binary	custom	TRUE	TRUE	FALSE	TRUE	-100	-1	0	0.001	0	0	31	86	1	1	1	FALSE	1	0.1	50	0.5	TRUE	2	0.0464425484761619	0.792504188037142	47	49076	14453	143815566.716642	71
20231127 213821	191	3328776	gbdt	binary	custom	TRUE	TRUE	FALSE	TRUE	-100	-1	0	0.001	0	0	31	659	1	1	1	FALSE	1	0.1	50	0.5	TRUE	2	0.188305579245146	0.965564265649323	101	22753	12697	143573473.763118	72
20231127 214108	191	3328776	gbdt	binary	custom	TRUE	TRUE	FALSE	TRUE	-100	-1	0	0.001	0	0	31	77	1	1	1	FALSE	1	0.1	50	0.5	TRUE	2	0.276086412589162	0.876890059120136	515	35263	11966	151865206.396802	73
20231127 214308	191	3328776	gbdt	binary	custom	TRUE	TRUE	FALSE	TRUE	-100	-1	0	0.001	0	0	31	64	1	1	1	FALSE	1	0.1	50	0.5	TRUE	2	0.0606360377601198	0.811942209488845	20	36954	16439	143250298.350825	74
20231127 214614	191	3328776	gbdt	binary	custom	TRUE	TRUE	FALSE	TRUE	-100	-1	0	0.001	0	0	31	140	1	1	1	FALSE	1	0.1	50	0.5	TRUE	2	0.258782893364216	0.369909508054575	864	47349	11539	142220623.188406	75
20231127 214826	191	3328776	gbdt	binary	custom	TRUE	TRUE	FALSE	TRUE	-100	-1	0	0.001	0	0	31	14	1	1	1	FALSE	1	0.1	50	0.5	TRUE	2	0.251703762360211	0.760597300137309	745	45668	13525	138427308.845577	76
20231127 215231	191	3328776	gbdt	binary	custom	TRUE	TRUE	FALSE	TRUE	-100	-1	0	0.001	0	0	31	284	1	1	1	FALSE	1	0.1	50	0.5	TRUE	2	0.199936482491733	0.274265269266298	288	13626	12708	146888237.881059	77
20231127 215506	191	3328776	gbdt	binary	custom	TRUE	TRUE	FALSE	TRUE	-100	-1	0	0.001	0	0	31	65	1	1	1	FALSE	1	0.1	50	0.5	TRUE	2	0.112744343818385	0.149296062202584	875	14907	13254	138300360.81959	78
20231127 215734	191	3328776	gbdt	binary	custom	TRUE	TRUE	FALSE	TRUE	-100	-1	0	0.001	0	0	31	29	1	1	1	FALSE	1	0.1	50	0.5	TRUE	2	0.275381309533564	0.316418539809826	227	32324	12227	139849620.689655	79
20231127 220123	191	3328776	gbdt	binary	custom	TRUE	TRUE	FALSE	TRUE	-100	-1	0	0.001	0	0	31	169	1	1	1	FALSE	1	0.1	50	0.5	TRUE	2	0.0314803396998417	0.331703475280379	845	39492	14667	144574778.110945	80
20231127 220450	191	3328776	gbdt	binary	custom	TRUE	TRUE	FALSE	TRUE	-100	-1	0	0.001	0	0	31	227	1	1	1	FALSE	1	0.1	50	0.5	TRUE	2	0.225154406435191	0.320180394974275	872	45325	14768	143962090.954523	81
20231127 220854	191	3328776	gbdt	binary	custom	TRUE	TRUE	FALSE	TRUE	-100	-1	0	0.001	0	0	31	314	1	1	1	FALSE	1	0.1	50	0.5	TRUE	2	0.115841924865479	0.742647716550684	870	37832	13928	149929127.436282	82
20231127 221259	191	3328776	gbdt	binary	custom	TRUE	TRUE	FALSE	TRUE	-100	-1	0	0.001	0	0	31	309	1	1	1	FALSE	1	0.1	50	0.5	TRUE	2	0.028756172814128	0.206681268007018	1019	38285	12255	143832351.324338	83
20231127 221601	191	3328776	gbdt	binary	custom	TRUE	TRUE	FALSE	TRUE	-100	-1	0	0.001	0	0	31	71	1	1	1	FALSE	1	0.1	50	0.5	TRUE	2	0.0902317477677584	0.827623541392504	917	22920	14200	145877481.25937	84
20231127 221923	191	3328776	gbdt	binary	custom	TRUE	TRUE	FALSE	TRUE	-100	-1	0	0.001	0	0	31	206	1	1	1	FALSE	1	0.1	50	0.5	TRUE	2	0.17463714860296	0.927452656080474	639	42867	11794	148167317.341329	85
20231127 222336	191	3328776	gbdt	binary	custom	TRUE	TRUE	FALSE	TRUE	-100	-1	0	0.001	0	0	31	156	1	1	1	FALSE	1	0.1	50	0.5	TRUE	2	0.02682791615748	0.605474934847806	984	30771	13343	145196781.109445	86
20231127 222731	191	3328776	gbdt	binary	custom	TRUE	TRUE	FALSE	TRUE	-100	-1	0	0.001	0	0	31	973	1	1	1	FALSE	1	0.1	50	0.5	TRUE	2	0.191733294524449	0.0113578794824073	414	23484	14224	136542664.667666	87
20231127 223427	191	3328776	gbdt	binary	custom	TRUE	TRUE	FALSE	TRUE	-100	-1	0	0.001	0	0	31	1238	1	1	1	FALSE	1	0.1	50	0.5	TRUE	2	0.0351391008119688	0.0550968234937753	937	4477	11950	146740884.557721	88
20231127 223940	191	3328776	gbdt	binary	custom	TRUE	TRUE	FALSE	TRUE	-100	-1	0	0.001	0	0	31	455	1	1	1	FALSE	1	0.1	50	0.5	TRUE	2	0.185874274716556	0.239841368176186	491	407	11890	132537776.111944	89
20231127 224139	191	3328776	gbdt	binary	custom	TRUE	TRUE	FALSE	TRUE	-100	-1	0	0.001	0	0	31	152	1	1	1	FALSE	1	0.1	50	0.5	TRUE	2	0.19802384969919	0.0308245748967844	891	16782	14136	136349029.485257	90
20231127 224601	191	3328776	gbdt	binary	custom	TRUE	TRUE	FALSE	TRUE	-100	-1	0	0.001	0	0	31	418	1	1	1	FALSE	1	0.1	50	0.5	TRUE	2	0.117505643827276	0.0932122374379601	1001	48965	12674	144323719.14043	91
20231127 224905	191	3328776	gbdt	binary	custom	TRUE	TRUE	FALSE	TRUE	-100	-1	0	0.001	0	0	31	68	1	1	1	FALSE	1	0.1	50	0.5	TRUE	2	0.0586978491543402	0.735669347251233	730	25572	14950	146302903.548226	92
20231127 225136	191	3328776	gbdt	binary	custom	TRUE	TRUE	FALSE	TRUE	-100	-1	0	0.001	0	0	31	35	1	1	1	FALSE	1	0.1	50	0.5	TRUE	2	0.180505027144748	0.240760430115203	389	18848	13652	135780087.956022	93
20231127 225656	191	3328776	gbdt	binary	custom	TRUE	TRUE	FALSE	TRUE	-100	-1	0	0.001	0	0	31	454	1	1	1	FALSE	1	0.1	50	0.5	TRUE	2	0.0801889474014428	0.613331326868454	991	35735	11520	152166776.611694	94
20231127 230355	191	3328776	gbdt	binary	custom	TRUE	TRUE	FALSE	TRUE	-100	-1	0	0.001	0	0	31	276	1	1	1	FALSE	1	0.1	50	0.5	TRUE	2	0.0625522200724533	0.681921333794288	839	3355	12369	149314131.434283	95
20231127 231208	191	3328776	gbdt	binary	custom	TRUE	TRUE	FALSE	TRUE	-100	-1	0	0.001	0	0	31	1061	1	1	1	FALSE	1	0.1	50	0.5	TRUE	2	0.201020850809043	0.209075022232301	774	11256	12958	141023315.342329	96
20231127 231608	191	3328776	gbdt	binary	custom	TRUE	TRUE	FALSE	TRUE	-100	-1	0	0.001	0	0	31	82	1	1	1	FALSE	1	0.1	50	0.5	TRUE	2	0.215582401418094	0.626406610453705	817	5452	12687	140940025.487256	97
20231127 231823	191	3328776	gbdt	binary	custom	TRUE	TRUE	FALSE	TRUE	-100	-1	0	0.001	0	0	31	116	1	1	1	FALSE	1	0.1	50	0.5	TRUE	2	0.13318309732576	0.0753683628020225	355	40232	12596	138398794.602699	98
20231127 232226	191	3328776	gbdt	binary	custom	TRUE	TRUE	FALSE	TRUE	-100	-1	0	0.001	0	0	31	179	1	1	1	FALSE	1	0.1	50	0.5	TRUE	2	0.216360574382339	0.362509637020213	994	8057	13225	149959572.713643	99
20231127 232522	191	3328776	gbdt	binary	custom	TRUE	TRUE	FALSE	TRUE	-100	-1	0	0.001	0	0	31	15	1	1	1	FALSE	1	0.1	50	0.5	TRUE	2	0.0590626986367538	0.631380361250642	157	5716	11691	142936673.163418	100
20231127 232808	191	3328776	gbdt	binary	custom	TRUE	TRUE	FALSE	TRUE	-100	-1	0	0.001	0	0	31	136	1	1	1	FALSE	1	0.1	50	0.5	TRUE	2	0.279694067718211	0.819771161959963	596	49443	11818	145828722.638681	101
20231127 233201	191	3328776	gbdt	binary	custom	TRUE	TRUE	FALSE	TRUE	-100	-1	0	0.001	0	0	31	234	1	1	1	FALSE	1	0.1	50	0.5	TRUE	2	0.204642305187611	0.390502331695616	685	39835	12728	147338882.558721	102
20231127 233542	191	3328776	gbdt	binary	custom	TRUE	TRUE	FALSE	TRUE	-100	-1	0	0.001	0	0	31	80	1	1	1	FALSE	1	0.1	50	0.5	TRUE	2	0.149779426407749	0.442986197163078	645	8240	13047	148993138.930535	103
20231127 234022	191	3328776	gbdt	binary	custom	TRUE	TRUE	FALSE	TRUE	-100	-1	0	0.001	0	0	31	639	1	1	1	FALSE	1	0.1	50	0.5	TRUE	2	0.268796435014088	0.117941903412369	534	21691	12107	141840265.367316	104
20231127 234446	191	3328776	gbdt	binary	custom	TRUE	TRUE	FALSE	TRUE	-100	-1	0	0.001	0	0	31	168	1	1	1	FALSE	1	0.1	50	0.5	TRUE	2	0.0200449235632792	0.638425452937953	891	33161	14772	145399998.001	105
20231127 234836	191	3328776	gbdt	binary	custom	TRUE	TRUE	FALSE	TRUE	-100	-1	0	0.001	0	0	31	189	1	1	1	FALSE	1	0.1	50	0.5	TRUE	2	0.168621294625958	0.487318847496982	89	32968	13928	147629517.241379	106
20231127 235145	191	3328776	gbdt	binary	custom	TRUE	TRUE	FALSE	TRUE	-100	-1	0	0.001	0	0	31	47	1	1	1	FALSE	1	0.1	50	0.5	TRUE	2	0.0646319272740746	0.727275650676348	968	17760	13433	144480444.277861	107
20231127 235455	191	3328776	gbdt	binary	custom	TRUE	TRUE	FALSE	TRUE	-100	-1	0	0.001	0	0	31	151	1	1	1	FALSE	1	0.1	50	0.5	TRUE	2	0.156040834406385	0.625714299772269	849	47600	12677	153103618.690655	108
20231127 235709	191	3328776	gbdt	binary	custom	TRUE	TRUE	FALSE	TRUE	-100	-1	0	0.001	0	0	31	21	1	1	1	FALSE	1	0.1	50	0.5	TRUE	2	0.182972720349619	0.888351811826214	484	47522	13285	142496614.192904	109
20231128 000032	191	3328776	gbdt	binary	custom	TRUE	TRUE	FALSE	TRUE	-100	-1	0	0.001	0	0	31	211	1	1	1	FALSE	1	0.1	50	0.5	TRUE	2	0.185014839591153	0.703713937832808	963	35124	13072	153006524.737631	110
20231128 000528	191	3328776	gbdt	binary	custom	TRUE	TRUE	FALSE	TRUE	-100	-1	0	0.001	0	0	31	490	1	1	1	FALSE	1	0.1	50	0.5	TRUE	2	0.0473318044483604	0.68475066209665	582	45919	11691	149587127.936032	111
20231128 001228	191	3328776	gbdt	binary	custom	TRUE	TRUE	FALSE	TRUE	-100	-1	0	0.001	0	0	31	555	1	1	1	FALSE	1	0.1	50	0.5	TRUE	2	0.154252981297565	0.54443918193242	741	17347	11421	145288162.418791	112
20231128 001530	191	3328776	gbdt	binary	custom	TRUE	TRUE	FALSE	TRUE	-100	-1	0	0.001	0	0	31	166	1	1	1	FALSE	1	0.1	50	0.5	TRUE	2	0.241939260496154	0.88777026197187	751	40695	13386	142609464.267866	113
20231128 001903	191	3328776	gbdt	binary	custom	TRUE	TRUE	FALSE	TRUE	-100	-1	0	0.001	0	0	31	248	1	1	1	FALSE	1	0.1	50	0.5	TRUE	2	0.214538705739158	0.676276064420666	815	37090	12009	151106215.392304	114
20231128 002156	191	3328776	gbdt	binary	custom	TRUE	TRUE	FALSE	TRUE	-100	-1	0	0.001	0	0	31	74	1	1	1	FALSE	1	0.1	50	0.5	TRUE	2	0.259095834836292	0.300674426364403	120	23316	11738	140142105.947026	115
20231128 002802	191	3328776	gbdt	binary	custom	TRUE	TRUE	FALSE	TRUE	-100	-1	0	0.001	0	0	31	560	1	1	1	FALSE	1	0.1	50	0.5	TRUE	2	0.0912378469092846	0.494078861588045	404	43041	11804	150770260.869565	116
